	1142	1143	1141	1146	1147	1144	1145	762	763	760	761	766	764	765	1148	1149	1154	1156	1151	1150	1153	448	833	836	837	838	839	429	1018	1019	1016	1017	424	427	426	449	1138	442	441	440	447	844	843	842	841	439	436	437	434	435	432	430	431	458	459	450	451	452	453	454	455	456	457	1038	1039	1032	1033	1030	1031	1036	1037	1034	1035	757	759	758	461	460	1025	1024	1027	1026	1021	1020	1023	1022	1029	1028	1040
1142	0.0	0.653870511923	0.441946116445	0.639196790108	0.693637990712	0.658481469213	0.679141016359	0.664780979547	0.656576341019	0.649238453327	0.705461989259	0.689818733947	0.674468940131	0.632952921276	0.667362075088	0.656434145156	0.773520173279	0.576126200412	0.736642936649	0.658381940237	0.532679609689	0.679198477448	0.676177035158	0.687716949449	0.672653602751	0.707017812556	0.690374715188	0.740594519275	0.73039440791	0.686447847253	0.729259569431	0.702476533583	0.812595513736	0.788694235943	0.808251190207	0.688344283454	0.413857597466	0.683725399839	0.683844357307	0.728822771762	0.685805893868	0.679126488767	0.679773210432	0.702024917663	0.718510740692	0.687637209101	0.687612834526	0.67667944553	0.678019982736	0.682875815439	0.748045935042	0.743241114046	0.747566514087	0.686947396281	0.628302316847	0.699855030968	0.691502433383	0.678152252082	0.670482920919	0.655889061038	0.659996092446	0.624032684094	0.689960367063	0.658141233667	0.68978900863	0.557169062553	0.608948333475	0.685443847971	0.63195162841	0.693867985351	0.67633845765	0.669795300187	0.672853005001	0.646053257685	0.659282520368	0.663364487464	0.662203113586	0.582721282022	0.677138675957	0.69442472188	0.654421064785	0.66630958865	0.669758455126	0.643059936378	0.745396066703	0.702142614235	0.660592888766	0.695080540072	0.66350149317
1143	0.653870511923	0.0	0.673773685501	0.518736079977	0.521297319509	0.451959743341	0.4911659174	0.459247001873	0.48089040072	0.593668867471	0.659078940929	0.502115298243	0.524859852306	0.480162118505	0.499923262732	0.511060781521	0.810697967206	0.716902423748	0.565219048241	0.525912546914	0.714858965167	0.626372140909	0.692130666689	0.506856046364	0.54264659768	0.532827298225	0.545677320656	0.632150687192	0.604880442176	0.598592180636	0.604415042795	0.634373110375	0.76663427715	0.753003061411	0.793692161632	0.628955516288	0.690469410427	0.483497977196	0.573135664181	0.53024001597	0.650182579508	0.505865432041	0.486277180609	0.547458486963	0.548126531686	0.556193849774	0.565720064973	0.521739130435	0.476814686642	0.556683671768	0.663905452811	0.63616801668	0.636554928414	0.527049611645	0.443455681818	0.660823434891	0.642192615734	0.602629342491	0.460243711439	0.502713036361	0.501580101532	0.471047986003	0.506885849093	0.47951348409	0.542558289441	0.562079450749	0.557628436626	0.479809460317	0.595579813683	0.512941649965	0.518446845311	0.614565677209	0.583897099733	0.561599230139	0.614466284853	0.557955065303	0.466539454534	0.446493505649	0.535213608188	0.50474516696	0.446172808992	0.489420009884	0.505059077033	0.606082829551	0.550125889751	0.532959108779	0.447233417839	0.480205982023	0.47474938714
1141	0.441946116445	0.673773685501	0.0	0.579068214077	0.658425239097	0.666675088488	0.659590413397	0.636686326007	0.654784383869	0.658830936734	0.708714643836	0.666518690946	0.667826707889	0.63942166503	0.666813342997	0.644612107419	0.715740127573	0.558234657776	0.683783435468	0.62971870888	0.494718148225	0.678673812547	0.650265243568	0.65305999286	0.643376467245	0.676815902799	0.683796371449	0.736782158654	0.714107938171	0.676644103168	0.718812325597	0.746821018382	0.811269510392	0.790365431013	0.81020488285	0.662460784191	0.450772878663	0.652643270233	0.669647914708	0.684001847216	0.69309402391	0.656296708917	0.647990962505	0.68826653752	0.69060769056	0.663942832801	0.66396620149	0.661641358665	0.63627879232	0.655225109193	0.733543085093	0.740161567543	0.726450679451	0.663994306137	0.634167762649	0.713970737021	0.720518539338	0.687793140209	0.627440505396	0.581982203745	0.627539982144	0.591612859901	0.634485380777	0.63348627454	0.655486984979	0.610536032509	0.624987032779	0.670649567584	0.604914999385	0.671209505358	0.640899773221	0.632743112302	0.620123132134	0.610121399893	0.641629103153	0.644473774607	0.682784701318	0.591316655892	0.636985166603	0.659047187097	0.643170598381	0.631408665235	0.622905592471	0.698327337767	0.738420706144	0.674714408099	0.666107984855	0.717145432708	0.658266832042
1146	0.639196790108	0.518736079977	0.579068214077	0.0	0.46969956192	0.522848318829	0.462942568836	0.48733873197	0.521148184609	0.614578929395	0.653517536381	0.57123200307	0.52724326246	0.543085652762	0.548359445023	0.515697305418	0.732242394619	0.66715219033	0.52644773655	0.518776060703	0.649926422891	0.631022710043	0.690534748158	0.519355646398	0.5064998465	0.536048835801	0.568061821026	0.66927533549	0.628004250588	0.597025620597	0.611703580398	0.674224319434	0.753975532313	0.698158673512	0.750784946761	0.587889362899	0.65187586193	0.497724547044	0.562904917247	0.576577013616	0.649892227002	0.483321688791	0.505447267324	0.521409034646	0.577910036321	0.557612082907	0.567627040029	0.546834776287	0.505162836253	0.58657272479	0.673053427325	0.679932800568	0.657564755917	0.553026088156	0.500507391577	0.654393579677	0.678425875173	0.596461528135	0.467841202725	0.424560235713	0.515366189625	0.470519609611	0.462264994952	0.501892691793	0.507538352789	0.562398742064	0.574152627178	0.486225724325	0.509179979168	0.513488189663	0.5199737639	0.545118308015	0.534499225706	0.522195307014	0.578285244379	0.578483613666	0.472079687716	0.491194694795	0.482363273806	0.533047576935	0.473831755164	0.518514299828	0.511736223389	0.630331601725	0.596254078025	0.471955595921	0.504546291335	0.563124215379	0.519970773792
1147	0.693637990712	0.521297319509	0.658425239097	0.46969956192	0.0	0.468419191237	0.459766879122	0.495219763463	0.531035924261	0.586300594786	0.618949137656	0.536922188947	0.507401703971	0.511479706151	0.477654333515	0.486368328491	0.787409602961	0.746664163621	0.522151983419	0.548105742942	0.729495229741	0.599151955477	0.744421262783	0.534335833297	0.5316329301	0.545353318674	0.589311375826	0.600798793395	0.571603210306	0.564410255426	0.580489883449	0.616418539698	0.768801030944	0.720070835579	0.795620887374	0.558397393393	0.726572659645	0.544142458171	0.547811757975	0.58475666622	0.590174901294	0.527469306419	0.552828571397	0.590961889667	0.553416563207	0.599612184153	0.586981011758	0.569915535731	0.518267928145	0.576445630429	0.625031239777	0.606260561133	0.613325724238	0.532513110572	0.50172395372	0.594295408484	0.59895836494	0.633840488419	0.474170633482	0.468669736178	0.513148406475	0.417466704029	0.468192154071	0.464178187404	0.53060411764	0.586145844569	0.624639151354	0.45321256745	0.503679528855	0.500457324411	0.528903615767	0.626152819981	0.559518101235	0.499234860421	0.584262838436	0.561346451307	0.457878673773	0.508419116245	0.4983255864	0.545099439721	0.407511487565	0.525710052082	0.508438624718	0.561155858234	0.563517618073	0.540254990651	0.483642179358	0.589122223371	0.510864350882
1144	0.658481469213	0.451959743341	0.666675088488	0.522848318829	0.468419191237	0.0	0.462934246642	0.476209072565	0.500113556924	0.572733082839	0.60957185623	0.56990788732	0.532759204477	0.512562761407	0.528196764045	0.451941077622	0.791572214627	0.735690584476	0.545030907981	0.501507631341	0.723876182304	0.598846634095	0.726418702626	0.546997450476	0.553567278906	0.563828785082	0.574676944823	0.622947830665	0.572740144892	0.578329338005	0.571316270554	0.628688211962	0.766823027117	0.7173074344	0.770249916802	0.611728142359	0.705163244709	0.534616669497	0.572160000365	0.576066878227	0.616774602536	0.533076896264	0.535469886565	0.582801049256	0.571859845748	0.613593550995	0.576490268483	0.562339659031	0.498722593333	0.58631522505	0.635342453127	0.638302350711	0.625183177527	0.538240223991	0.466441506848	0.622144449689	0.62030384956	0.617749751537	0.45725939364	0.510292984649	0.516301665319	0.461003962984	0.520252547437	0.488712043247	0.537693086646	0.547866144427	0.617979525724	0.501506449487	0.561388916549	0.559762016661	0.540754683845	0.628688339666	0.594065248462	0.547599463438	0.644056316146	0.50660205799	0.463298535377	0.450140941505	0.488476486411	0.523665218953	0.422089323952	0.554263024392	0.501804111687	0.593435749798	0.565202798307	0.568418536606	0.457808795839	0.552810734849	0.527558735564
1145	0.679141016359	0.4911659174	0.659590413397	0.462942568836	0.459766879122	0.462934246642	0.0	0.489494645761	0.430780777735	0.627998650934	0.677568132207	0.490519562055	0.554821065403	0.494694707694	0.508189057746	0.487874180796	0.779332273074	0.711448151784	0.526636576156	0.526449136107	0.674538078779	0.637585370394	0.678933911742	0.426786542175	0.468523732051	0.459021737898	0.484583870831	0.634419715834	0.631310612147	0.631913109137	0.628740870076	0.662036911201	0.766901469152	0.707092463854	0.798196351085	0.604964806937	0.693434547644	0.422584860667	0.538770632733	0.499030649991	0.624560115836	0.4202621627	0.451707824797	0.497727434776	0.47190681875	0.485326775091	0.483146176805	0.460546330242	0.438166356725	0.519231397752	0.626616239857	0.627845513736	0.640657415946	0.572411564076	0.459808336606	0.64904361222	0.613255660797	0.559448463795	0.436311751321	0.480483982399	0.436882030811	0.42289063429	0.484666908038	0.462154824564	0.516165503969	0.572700502127	0.571985017316	0.448662354331	0.530783000908	0.450957631283	0.453276573064	0.606644605346	0.545792547854	0.511810071637	0.612147426412	0.573870734603	0.461362821771	0.519286718209	0.439043047608	0.479612089705	0.465275495052	0.457418923711	0.518618632142	0.633112960904	0.546755913532	0.524338721226	0.466881823769	0.557293167135	0.543800727956
762	0.664780979547	0.459247001873	0.636686326007	0.48733873197	0.495219763463	0.476209072565	0.489494645761	0.0	0.442664390577	0.615720271417	0.657301638851	0.488798405731	0.51117782718	0.493696464655	0.516215210289	0.483121991673	0.769370675822	0.708385627226	0.558510508945	0.474374750411	0.690035933223	0.641767078689	0.678021664104	0.47653463053	0.436694817997	0.505542181498	0.513606227763	0.674951994221	0.627334267851	0.601741271412	0.609360795783	0.65287289579	0.756855355356	0.719928145916	0.742074718169	0.64087057848	0.704399536845	0.465989105698	0.510511586831	0.526835309381	0.662363890886	0.487497556898	0.457021512066	0.489231452497	0.539806575211	0.509787477151	0.520359552053	0.496464952158	0.475212808969	0.524065157123	0.685367499595	0.685496140152	0.676733071932	0.557225877766	0.450461482917	0.668681302098	0.659682164785	0.582342355239	0.44889842656	0.43838864566	0.500441603075	0.409089310344	0.483209933318	0.474845852909	0.544903880492	0.539484709614	0.540720706621	0.486045713391	0.553341429343	0.471549816846	0.463530757398	0.580421685273	0.545056944757	0.553551339074	0.603972296577	0.581538013768	0.470902382531	0.443536999313	0.500622919102	0.461466280555	0.459385358079	0.457554837698	0.495388034434	0.641931907462	0.553732056995	0.528534294651	0.428181641927	0.568543473249	0.533949709506
763	0.656576341019	0.48089040072	0.654784383869	0.521148184609	0.531035924261	0.500113556924	0.430780777735	0.442664390577	0.0	0.667888269791	0.716189565611	0.461273641363	0.53484699275	0.509622665505	0.5266617441	0.460677136129	0.762638599296	0.663873087058	0.586563755123	0.49114832768	0.652542833654	0.668341301606	0.676126588429	0.447416479696	0.460238065678	0.495382557873	0.481824372854	0.696678816909	0.679732040718	0.664549237937	0.660492074776	0.691533623532	0.72942476141	0.720615225391	0.748113240498	0.644562973352	0.663776724787	0.437201398166	0.536612376866	0.515173993507	0.682343899798	0.445959894286	0.453379920073	0.462283991125	0.473557149311	0.499736721108	0.488632225642	0.479222799776	0.451079029089	0.546426688757	0.689481065494	0.713828245575	0.691898665607	0.580972240401	0.44792197479	0.703818864326	0.681689662385	0.526328109041	0.490758264133	0.519151739727	0.43145784388	0.451452118852	0.527760914641	0.507483032208	0.538725626327	0.549258564195	0.530019671513	0.487724173477	0.608213875702	0.492392186711	0.464115957684	0.59185492884	0.556751487556	0.594402093908	0.657234397843	0.612240886015	0.483854035807	0.499468954297	0.467686400616	0.488174835102	0.486765966823	0.45063775814	0.518412933302	0.669129967942	0.565820432007	0.534788723353	0.483786953464	0.539288940188	0.570872007363
760	0.649238453327	0.593668867471	0.658830936734	0.614578929395	0.586300594786	0.572733082839	0.627998650934	0.615720271417	0.667888269791	0.0	0.485776153838	0.617383695978	0.57616644717	0.551357232959	0.591264172226	0.62437575959	0.800250978022	0.736581719701	0.626247195679	0.616238890465	0.743287473358	0.52162508433	0.771635056673	0.679293025712	0.684806629617	0.690499883915	0.708075914312	0.617086358654	0.526716868884	0.531317877117	0.575533100773	0.556788374777	0.820427525392	0.743811374221	0.841402572659	0.50576188574	0.687848145598	0.662091123567	0.70781700893	0.708245511745	0.505338149936	0.682976605894	0.672822825041	0.719853546981	0.705911346262	0.706822495953	0.682119870805	0.697779250183	0.668919190141	0.67134139326	0.657993569856	0.59931764892	0.604360593537	0.564837249507	0.563008630753	0.530053166795	0.526570091787	0.676207208638	0.614164190123	0.599864326295	0.644586302249	0.596383927301	0.592301815462	0.565272339295	0.587204234449	0.548676412572	0.662484984104	0.620708408549	0.576955210697	0.652702693495	0.685158801754	0.649996602517	0.612687805373	0.507489816307	0.525257123706	0.5312593205	0.596941593894	0.560405907067	0.597855325034	0.644146865039	0.565770427199	0.650350578173	0.603306561182	0.478656130229	0.662243795617	0.641776001573	0.599950865099	0.673572064031	0.564304405332
761	0.705461989259	0.659078940929	0.708714643836	0.653517536381	0.618949137656	0.60957185623	0.677568132207	0.657301638851	0.716189565611	0.485776153838	0.0	0.676316439564	0.606498326602	0.603040654434	0.617734092597	0.667413488388	0.847730005727	0.77265944263	0.628555028143	0.691336988259	0.79961329815	0.502447881705	0.792149795247	0.731666022082	0.732319771401	0.728273990831	0.750728099559	0.584825026175	0.478074701095	0.513403132688	0.507063479875	0.514783165874	0.81323045877	0.75818391702	0.837479855157	0.515145254866	0.741285261161	0.727569523551	0.749768183166	0.753089757615	0.533923123108	0.709192698373	0.732093730226	0.749521179303	0.747851117223	0.755694081632	0.717931769407	0.741149697979	0.708017887563	0.719383214052	0.637965407561	0.582687564291	0.572407547629	0.608613221646	0.6252063635	0.492839329366	0.512887124233	0.741441516663	0.657680569352	0.651650913715	0.708313530123	0.647485903915	0.63159447403	0.627695271319	0.626819632729	0.599712708375	0.714371653852	0.66116593351	0.583015435991	0.703681608192	0.736514915828	0.676185989175	0.665251365657	0.531526278403	0.52909690247	0.521030668509	0.633903033453	0.635155905454	0.65675131506	0.695650311255	0.603634211727	0.719802448017	0.675141189753	0.499991451374	0.690740287053	0.641283841998	0.619590554744	0.699791426551	0.610232674474
766	0.689818733947	0.502115298243	0.666518690946	0.57123200307	0.536922188947	0.56990788732	0.490519562055	0.488798405731	0.461273641363	0.617383695978	0.676316439564	0.0	0.523315029837	0.508406641299	0.503312325137	0.553699870022	0.774224019485	0.698739153062	0.610811789028	0.556800395133	0.723516283973	0.644839695309	0.743962578739	0.482982109258	0.544546532436	0.527996423634	0.567571203584	0.674984931625	0.636298668685	0.643605596814	0.671847930407	0.644599707913	0.76385617857	0.737634106274	0.816731000732	0.620765004189	0.697406225832	0.49450486185	0.594686306854	0.546717139878	0.63937085846	0.508596327329	0.511431302982	0.529415365139	0.556033914035	0.545625163503	0.551237025235	0.540309457156	0.520769070991	0.527458691276	0.699788129226	0.678178446446	0.672644869411	0.587926451812	0.511083009441	0.674133230555	0.65407007107	0.588263648349	0.558919161211	0.535703024875	0.525417197088	0.454945227988	0.53485624123	0.486938767606	0.555732812103	0.567448915564	0.572675706872	0.538561048047	0.61681285367	0.538867590368	0.514479654594	0.519969823077	0.496671966014	0.556643727912	0.602231519136	0.623545160483	0.517815050084	0.517090646582	0.529480317787	0.545796696969	0.518425871792	0.426593559302	0.487652806158	0.637021425786	0.596708669008	0.603969219657	0.538040130171	0.54024478518	0.569086252125
764	0.674468940131	0.524859852306	0.667826707889	0.52724326246	0.507401703971	0.532759204477	0.554821065403	0.51117782718	0.53484699275	0.57616644717	0.606498326602	0.523315029837	0.0	0.450907928565	0.458227572602	0.492985544609	0.81232615663	0.692837770615	0.543918688018	0.507004183661	0.723221146714	0.574336727249	0.745351103473	0.575784593039	0.562942799404	0.574874240803	0.636404779728	0.621234535342	0.552468731429	0.529358512347	0.56230453049	0.59270610473	0.760448441949	0.706971711636	0.764320343045	0.557932425603	0.692423846199	0.552577772334	0.61649828954	0.606805806628	0.602117253891	0.557126035799	0.555786099718	0.582832359871	0.626137785606	0.626555531858	0.575913295441	0.615739633391	0.573570636313	0.58903902571	0.664924179013	0.648490946474	0.622069316022	0.572204311471	0.487547148402	0.593204863999	0.583460548131	0.624001289592	0.54639834165	0.52767102603	0.573554354373	0.501992051914	0.513426083502	0.480487398717	0.545278926814	0.514712579417	0.581592481363	0.51739400131	0.534807457039	0.560438936342	0.594789875615	0.596296698622	0.593186672131	0.548794664786	0.580382499733	0.535438805914	0.480253210876	0.48550296865	0.525584652515	0.554499609844	0.489925254391	0.557025455136	0.513302854256	0.58571235712	0.559916432763	0.588702333497	0.488120495871	0.559964663993	0.52615597315
765	0.632952921276	0.480162118505	0.63942166503	0.543085652762	0.511479706151	0.512562761407	0.494694707694	0.493696464655	0.509622665505	0.551357232959	0.603040654434	0.508406641299	0.450907928565	0.0	0.459628850546	0.507804538165	0.772974826615	0.703624054447	0.554694342149	0.513456178431	0.693784669954	0.615747829144	0.722312491485	0.521337278695	0.515104625714	0.526516982346	0.565178626516	0.647560046684	0.585143966191	0.560163199266	0.580046148855	0.635162120661	0.808357591209	0.743719013849	0.798120307494	0.581382729393	0.657797755342	0.520439310654	0.583905023042	0.567530784734	0.628441797184	0.530391830737	0.527594934296	0.584244057421	0.559615889111	0.555314114403	0.495625082528	0.56119926206	0.509781843605	0.513761784305	0.672820017403	0.657286111178	0.647455943971	0.529937588627	0.419951254615	0.638406691231	0.593544830245	0.557291835497	0.477819690802	0.497215705714	0.520242417356	0.467827543143	0.497066029305	0.39907549061	0.528505954781	0.448347215059	0.548985779096	0.468634304808	0.50517709684	0.52044060354	0.522739466548	0.584780201498	0.515808103921	0.541884388485	0.561976555285	0.541457248227	0.479440999881	0.406228478614	0.535470886838	0.520861937452	0.464609879925	0.485429294308	0.439907670029	0.583530709486	0.58571566549	0.577231027802	0.464794895092	0.538839084814	0.473469743794
1148	0.667362075088	0.499923262732	0.666813342997	0.548359445023	0.477654333515	0.528196764045	0.508189057746	0.516215210289	0.5266617441	0.591264172226	0.617734092597	0.503312325137	0.458227572602	0.459628850546	0.0	0.496948643678	0.817916816896	0.733800500348	0.539810967966	0.569226076898	0.736485918799	0.559355256379	0.743554971273	0.553685538894	0.578235921865	0.568358887902	0.607575338437	0.595689036361	0.554635591837	0.571030595493	0.586781890949	0.579804389844	0.781803971722	0.760920533994	0.813776304516	0.582287300272	0.686656295633	0.538699914241	0.613123798672	0.578179561144	0.590389645859	0.556218277593	0.55204663771	0.601016161229	0.56774891726	0.605862718071	0.590326653677	0.575019219939	0.540107446799	0.562795247027	0.611032478452	0.610592991749	0.607107211385	0.580883174311	0.533865440558	0.62138147025	0.582524391387	0.641783490088	0.517842209858	0.51465248861	0.545728343161	0.47892098801	0.5144783335	0.449074171726	0.543804408404	0.580030349711	0.570561894258	0.482843985413	0.529390015656	0.544187220216	0.569094611014	0.618512329081	0.603351106122	0.541614226854	0.587929723208	0.561333441505	0.506809669563	0.495826886197	0.55645879351	0.538234640073	0.496255677273	0.529449719173	0.481092724528	0.58062575084	0.568045126791	0.555246559206	0.507933490409	0.501897327112	0.500299503565
1149	0.656434145156	0.511060781521	0.644612107419	0.515697305418	0.486368328491	0.451941077622	0.487874180796	0.483121991673	0.460677136129	0.62437575959	0.667413488388	0.553699870022	0.492985544609	0.507804538165	0.496948643678	0.0	0.747510738787	0.707737440736	0.553624636005	0.46374933574	0.692866619024	0.631728264991	0.706459132812	0.50245099882	0.51723891898	0.528010579166	0.567133656575	0.639810305336	0.623038496457	0.618455524164	0.604224678911	0.658914756845	0.781518893421	0.756735035313	0.781586471294	0.604328186657	0.689758492269	0.480824027392	0.548476205917	0.547309294897	0.625512490783	0.510604681703	0.514172492331	0.556633785346	0.552882492296	0.567903014589	0.539444828275	0.5353325627	0.446537714642	0.570083973891	0.613827704496	0.684809629024	0.6255913777	0.532854523914	0.463740435195	0.644789387558	0.626652564416	0.601534758253	0.483148377777	0.471558834912	0.487226569625	0.466638450566	0.515710622435	0.495813851113	0.525080784139	0.545619271961	0.598473152743	0.499182245878	0.572327490647	0.53216008576	0.512108004419	0.605816494011	0.571143617021	0.540522900294	0.631619266653	0.570915071766	0.504181563519	0.46382553587	0.511868186376	0.519468973555	0.460620925593	0.505281301891	0.501125733081	0.626737041567	0.573111741604	0.579426388083	0.497953091989	0.587678936074	0.540611366471
1154	0.773520173279	0.810697967206	0.715740127573	0.732242394619	0.787409602961	0.791572214627	0.779332273074	0.769370675822	0.762638599296	0.800250978022	0.847730005727	0.774224019485	0.81232615663	0.772974826615	0.817916816896	0.747510738787	0.0	0.734935705444	0.771766273957	0.730075589586	0.697216241427	0.832907373472	0.787621334159	0.771797452099	0.754244380507	0.785765446157	0.764669286039	0.882551662522	0.842825393078	0.820452202298	0.804880340179	0.8830954489	0.847973846552	0.830118291194	0.878233091266	0.814547576288	0.79502904403	0.766044280064	0.721705271778	0.761431756255	0.847236757011	0.771107526008	0.78091539942	0.786759240873	0.756742150479	0.761231422628	0.737963314285	0.75637224979	0.777834041816	0.770062432764	0.859906092721	0.880198345827	0.869398283152	0.740194519506	0.741711625044	0.869249916574	0.852754776172	0.684976343999	0.736569421074	0.720603556884	0.750669941938	0.758164596212	0.746966805453	0.787905963397	0.70929710981	0.748963934669	0.763056410461	0.786981817312	0.77307749011	0.749749627495	0.691309493304	0.695988146395	0.655508922556	0.758798521877	0.800957813568	0.791140724579	0.800016731593	0.759152950535	0.696298255154	0.770400291879	0.759564997825	0.724566575851	0.793744025994	0.851331446955	0.809617888734	0.768771345045	0.804834958026	0.792353740367	0.767943653574
1156	0.576126200412	0.716902423748	0.558234657776	0.66715219033	0.746664163621	0.735690584476	0.711448151784	0.708385627226	0.663873087058	0.736581719701	0.77265944263	0.698739153062	0.692837770615	0.703624054447	0.733800500348	0.707737440736	0.734935705444	0.0	0.746040294395	0.65134420101	0.464502830675	0.765467740105	0.645323878567	0.714220279085	0.741810021468	0.726957594086	0.723042923757	0.792361737758	0.766893610374	0.761871992274	0.781285634619	0.78342833717	0.858145856749	0.818809130314	0.845345067306	0.739613463233	0.547540517617	0.705650048536	0.719368876162	0.698936294115	0.769924438952	0.693678684057	0.692208774419	0.684648436078	0.703438028734	0.71901216906	0.705017744523	0.721081088281	0.700582087084	0.686919824835	0.781581244065	0.791642926531	0.789646620484	0.727022741575	0.691389657057	0.787751240137	0.752573209185	0.657071829272	0.722764610096	0.719734065297	0.69048070612	0.687391089071	0.737633179943	0.712538583707	0.740363079423	0.629580023813	0.595778182142	0.725489295893	0.667440248475	0.698046695233	0.702090766103	0.63126238808	0.718868273186	0.705249498471	0.750569063934	0.746097763754	0.728151246671	0.67884022776	0.716047997886	0.694262776787	0.736429202095	0.696132376867	0.700285289322	0.759593486492	0.747649720446	0.752487467604	0.727745386201	0.721541843684	0.747739045106
1151	0.736642936649	0.565219048241	0.683783435468	0.52644773655	0.522151983419	0.545030907981	0.526636576156	0.558510508945	0.586563755123	0.626247195679	0.628555028143	0.610811789028	0.543918688018	0.554694342149	0.539810967966	0.553624636005	0.771766273957	0.746040294395	0.0	0.530974246736	0.724041675714	0.61999640829	0.745963921502	0.575541759678	0.573096831208	0.570142683911	0.622898920801	0.604515110027	0.605444691565	0.594978476556	0.596221491402	0.662538745837	0.761335313351	0.68409726238	0.77716726427	0.594245161986	0.756990553574	0.550197892978	0.629617813741	0.594146219926	0.644961401046	0.569493636195	0.586022587568	0.641147800596	0.620559867032	0.625304996202	0.581107917595	0.607429428019	0.543568739129	0.617739306234	0.5965152894	0.635395403373	0.582398860984	0.48978752112	0.532947278264	0.626755575035	0.583703130358	0.625494524753	0.492777447415	0.512635760631	0.557551872367	0.509620258808	0.501352613215	0.548556595683	0.545868432608	0.627199774159	0.680155533328	0.52570377616	0.58846622219	0.561121233245	0.585320642696	0.649365440323	0.579151338981	0.572177594503	0.615463685164	0.584134656397	0.541887690886	0.562426263787	0.503899607973	0.59804636996	0.487431787706	0.583999614829	0.548117565742	0.630722991159	0.617867817421	0.57004923056	0.552653588223	0.629335293392	0.561801739669
1150	0.658381940237	0.525912546914	0.62971870888	0.518776060703	0.548105742942	0.501507631341	0.526449136107	0.474374750411	0.49114832768	0.616238890465	0.691336988259	0.556800395133	0.507004183661	0.513456178431	0.569226076898	0.46374933574	0.730075589586	0.65134420101	0.530974246736	0.0	0.639942939758	0.669721402189	0.685286872273	0.464710601963	0.479422650082	0.508506493424	0.543909033481	0.681452880082	0.667701597165	0.627695729947	0.657342243442	0.708653485958	0.788356449089	0.730228045117	0.774378510909	0.646089329366	0.687319887111	0.489550896877	0.549930062119	0.527482606996	0.681322963779	0.524803287677	0.508234336395	0.54361698649	0.541449841546	0.545148274964	0.518218383334	0.543203721747	0.46481003928	0.570901621525	0.671180271472	0.695827620379	0.673244283075	0.509824579444	0.437949880562	0.662435422326	0.629370816036	0.531974238536	0.480868387095	0.488371639202	0.518027504356	0.454451099336	0.510221112778	0.53408666004	0.574591523961	0.536387736545	0.608920236134	0.525065482741	0.552248017381	0.528171631455	0.501589743784	0.624448938806	0.542675824084	0.580313906088	0.647806444612	0.608017966949	0.527626812073	0.471891036197	0.503487591255	0.536649715677	0.484418821406	0.505729973389	0.504935600536	0.662395694725	0.615748922793	0.569614565121	0.500540954549	0.566592015146	0.558123467569
1153	0.532679609689	0.714858965167	0.494718148225	0.649926422891	0.729495229741	0.723876182304	0.674538078779	0.690035933223	0.652542833654	0.743287473358	0.79961329815	0.723516283973	0.723221146714	0.693784669954	0.736485918799	0.692866619024	0.697216241427	0.464502830675	0.724041675714	0.639942939758	0.0	0.788179566591	0.658455602893	0.688347945786	0.693792250155	0.709988150046	0.680155881849	0.803435734253	0.780429536868	0.76997879523	0.773827724343	0.798158448416	0.864875157787	0.82524653603	0.831518566865	0.748569381952	0.49376304921	0.676556690052	0.709070918212	0.721777385832	0.780885890505	0.666409642875	0.650477022344	0.682849167881	0.706608659811	0.677368427065	0.659010610837	0.667296966099	0.676090298638	0.732123121363	0.763112313462	0.807533681948	0.798993451003	0.700804851013	0.663279552151	0.792724765157	0.758108034823	0.662276738252	0.698077228667	0.692507092082	0.649816368822	0.684729842342	0.716870843954	0.701702870826	0.748143309537	0.641742751148	0.675170388839	0.702136394194	0.657426443455	0.702122182028	0.666114588414	0.726264500503	0.689796065591	0.721468345611	0.76203889209	0.747739495877	0.723682117476	0.680211448099	0.694949647503	0.702074878788	0.713991049261	0.660539560301	0.710653633263	0.766202642966	0.784544874428	0.744745607388	0.714883517132	0.75457793975	0.723165545167
448	0.679198477448	0.626372140909	0.678673812547	0.631022710043	0.599151955477	0.598846634095	0.637585370394	0.641767078689	0.668341301606	0.52162508433	0.502447881705	0.644839695309	0.574336727249	0.615747829144	0.559355256379	0.631728264991	0.832907373472	0.765467740105	0.61999640829	0.669721402189	0.788179566591	0.0	0.763545400325	0.716869180576	0.719002764692	0.724226695658	0.746586277595	0.574019112079	0.481405639094	0.503704732584	0.516420974412	0.477597063316	0.772317182342	0.746041012499	0.80593321525	0.442360389335	0.688062627563	0.699867176021	0.73483082624	0.738306482722	0.494177926883	0.691821566316	0.703645171692	0.731645745555	0.724071850794	0.740951702218	0.731421456991	0.716766173094	0.690546379679	0.685316805441	0.641824207729	0.538378805881	0.563015796157	0.655458324361	0.644361676031	0.4717809063	0.456755235077	0.746003495354	0.618021255953	0.627583037806	0.674638458749	0.621008317538	0.585110239322	0.594752566041	0.638916427669	0.612026217404	0.654972013687	0.623692985307	0.614265141516	0.660973265568	0.712217085966	0.632185771007	0.653820713163	0.518386267031	0.495995115092	0.568457001737	0.614527954023	0.614057530305	0.609524078878	0.671463212946	0.587565620984	0.68149002259	0.641519847846	0.50373613632	0.634502448875	0.627934700472	0.601977855846	0.667777123301	0.592027896384
833	0.676177035158	0.692130666689	0.650265243568	0.690534748158	0.744421262783	0.726418702626	0.678933911742	0.678021664104	0.676126588429	0.771635056673	0.792149795247	0.743962578739	0.745351103473	0.722312491485	0.743554971273	0.706459132812	0.787621334159	0.645323878567	0.745963921502	0.685286872273	0.658455602893	0.763545400325	0.0	0.65132700737	0.659038433673	0.686561311787	0.670939851108	0.759880333386	0.761611535162	0.763401536511	0.778533523054	0.803991652883	0.86268990159	0.829723988375	0.853428942362	0.774457218798	0.679258553068	0.659512125682	0.641023189771	0.630648701839	0.784870528707	0.653726570604	0.647874390853	0.664724034802	0.644432347173	0.676789038069	0.670014974128	0.642961656189	0.623748841612	0.686080537506	0.738662089719	0.768772522054	0.758736451245	0.748765778451	0.703214836173	0.788566567948	0.764462683389	0.662830900891	0.704747667384	0.702875810871	0.659730066003	0.693500619775	0.708841113019	0.715989080106	0.722495542688	0.714217844796	0.617818015506	0.714091380606	0.716738508641	0.652435533949	0.676644047951	0.725612848888	0.747086271497	0.73840193378	0.737086199612	0.752297746495	0.725050651927	0.699246555513	0.72856229245	0.647069974825	0.724421748212	0.708061850259	0.715251592634	0.771404161966	0.743561717659	0.749168007999	0.709615475406	0.715930940869	0.754880780061
836	0.687716949449	0.506856046364	0.65305999286	0.519355646398	0.534335833297	0.546997450476	0.426786542175	0.47653463053	0.447416479696	0.679293025712	0.731666022082	0.482982109258	0.575784593039	0.521337278695	0.553685538894	0.50245099882	0.771797452099	0.714220279085	0.575541759678	0.464710601963	0.688347945786	0.716869180576	0.65132700737	0.0	0.314312190374	0.336363220285	0.374451510218	0.724113290425	0.705543463833	0.69482635655	0.712924272988	0.722679853051	0.748612447925	0.709856891714	0.763733510704	0.666439857301	0.704079984889	0.304841805461	0.411925223868	0.355549647943	0.702634833263	0.335593057015	0.319011077816	0.349420426267	0.372706896457	0.350586343499	0.35989607681	0.359853838844	0.299658649758	0.426947899409	0.70086055169	0.712210631038	0.723780333797	0.574420202383	0.425503475443	0.718973202414	0.70204799791	0.50817591115	0.490873863736	0.477603994418	0.426980278912	0.432184516297	0.48488708547	0.501145561867	0.54570655514	0.576995886018	0.585076585536	0.478304882158	0.612206618227	0.474429662375	0.33102144441	0.613639634653	0.536623556093	0.586961029728	0.635638613364	0.6437836911	0.520156715568	0.513370781547	0.48718816396	0.421929530659	0.496442380376	0.411860216613	0.465889947384	0.686629973453	0.583633880351	0.538333339594	0.531583830684	0.555611957366	0.55990882414
837	0.672653602751	0.54264659768	0.643376467245	0.5064998465	0.5316329301	0.553567278906	0.468523732051	0.436694817997	0.460238065678	0.684806629617	0.732319771401	0.544546532436	0.562942799404	0.515104625714	0.578235921865	0.51723891898	0.754244380507	0.741810021468	0.573096831208	0.479422650082	0.693792250155	0.719002764692	0.659038433673	0.314312190374	0.0	0.359806378376	0.372298424182	0.72155998787	0.711601532688	0.689818344001	0.717773260331	0.735925332978	0.750891737747	0.714315358111	0.726782530397	0.669404945376	0.710340548419	0.350784129204	0.369926287049	0.438783997338	0.696985105344	0.364277251493	0.414331928013	0.385685863445	0.387806885324	0.386590733967	0.369529058453	0.380074376932	0.359576930441	0.43694138277	0.714775447832	0.727393497425	0.725606093247	0.576795199372	0.437105516777	0.718393273971	0.712150868363	0.546081467708	0.487532419873	0.448860242612	0.442350418198	0.431014888853	0.49121803469	0.510952078302	0.552062257609	0.564283079873	0.587108320064	0.509958270833	0.58894643787	0.50001831993	0.405629088229	0.632691525625	0.56225635576	0.597583036866	0.630103396505	0.641351854572	0.48246013001	0.474206867111	0.510611301317	0.481289652698	0.495880641998	0.455518485845	0.48449541769	0.686784980058	0.610924087055	0.539932723222	0.524916686332	0.553294627423	0.564390141586
838	0.707017812556	0.532827298225	0.676815902799	0.536048835801	0.545353318674	0.563828785082	0.459021737898	0.505542181498	0.495382557873	0.690499883915	0.728273990831	0.527996423634	0.574874240803	0.526516982346	0.568358887902	0.528010579166	0.785765446157	0.726957594086	0.570142683911	0.508506493424	0.709988150046	0.724226695658	0.686561311787	0.336363220285	0.359806378376	0.0	0.388998608635	0.721649934183	0.709614512758	0.696379045132	0.713517320769	0.719561334718	0.76258592102	0.71952158545	0.771458616496	0.656183535127	0.729736806156	0.351036043576	0.491574879292	0.379544934009	0.699717877323	0.400827617865	0.33409733124	0.406795668234	0.4519673905	0.4015700462	0.408894937921	0.409998948402	0.367444108599	0.462373900047	0.691259557032	0.715059288143	0.715837029177	0.608823313741	0.487112357046	0.719979061246	0.702962505175	0.56462414135	0.505435896385	0.48101523918	0.481402127289	0.489782112544	0.516872471589	0.505788484017	0.561396038194	0.614343279308	0.623499998033	0.521553509374	0.629387509509	0.510530379969	0.415501393604	0.62771348122	0.57398942272	0.597905637399	0.644000039867	0.640942998017	0.536671498726	0.523817194974	0.538875262974	0.479765523495	0.511680592525	0.423965558245	0.477820447277	0.691994821252	0.57621435844	0.561026049255	0.533404395553	0.586735291755	0.56352541586
839	0.690374715188	0.545677320656	0.683796371449	0.568061821026	0.589311375826	0.574676944823	0.484583870831	0.513606227763	0.481824372854	0.708075914312	0.750728099559	0.567571203584	0.636404779728	0.565178626516	0.607575338437	0.567133656575	0.764669286039	0.723042923757	0.622898920801	0.543909033481	0.680155881849	0.746586277595	0.670939851108	0.374451510218	0.372298424182	0.388998608635	0.0	0.740840745334	0.724986741671	0.726065768049	0.73738019071	0.740560321192	0.778285678076	0.738607139946	0.762553992103	0.71043418128	0.70037712978	0.392341902028	0.440711708349	0.454669875222	0.726187360309	0.376780057074	0.392014718401	0.404732082713	0.424957263125	0.387828067956	0.406289506676	0.375555226668	0.419954383549	0.475322784678	0.721647980287	0.746526873778	0.744606687685	0.618251786353	0.525916500804	0.739533585407	0.723934756761	0.571770111339	0.524819507334	0.525844140076	0.506065391887	0.514360365982	0.555467650318	0.545418230102	0.590585960192	0.621595065973	0.62244141848	0.529937496573	0.624727946947	0.493830419299	0.411614563303	0.656362613673	0.595962453526	0.629099290525	0.678166125911	0.668933178925	0.538928401595	0.527381345411	0.517550196971	0.498644949126	0.546825569979	0.492269211834	0.548967502559	0.719188715088	0.644710966663	0.562220473822	0.573210854052	0.576104161072	0.611250772851
429	0.740594519275	0.632150687192	0.736782158654	0.66927533549	0.600798793395	0.622947830665	0.634419715834	0.674951994221	0.696678816909	0.617086358654	0.584825026175	0.674984931625	0.621234535342	0.647560046684	0.595689036361	0.639810305336	0.882551662522	0.792361737758	0.604515110027	0.681452880082	0.803435734253	0.574019112079	0.759880333386	0.724113290425	0.72155998787	0.721649934183	0.740840745334	0.0	0.535407735387	0.5702801104	0.570849200154	0.56817384256	0.822324500909	0.773144603502	0.830904080886	0.588849032221	0.755476565558	0.714265317299	0.737615348911	0.741871851849	0.609307134315	0.716466578683	0.717014887904	0.736998961283	0.730846539226	0.750106923067	0.748780102788	0.736562076978	0.689817241687	0.723617614666	0.516074873418	0.484922489295	0.403547659597	0.657398260747	0.656391054056	0.524369358406	0.53606245483	0.761875216516	0.626611041053	0.669196311319	0.694853527943	0.635162718886	0.626219044913	0.623981823553	0.67679151475	0.690415220862	0.697216006229	0.650133220487	0.626447602526	0.693590787966	0.738258968394	0.727414376587	0.719209792173	0.622277655782	0.648523644528	0.59991415142	0.609597791989	0.65357298425	0.692423696335	0.714699541066	0.620392067864	0.721954697741	0.653029217095	0.598335012078	0.673333863995	0.683046947094	0.625728089614	0.712182166568	0.639913352762
1018	0.73039440791	0.604880442176	0.714107938171	0.628004250588	0.571603210306	0.572740144892	0.631310612147	0.627334267851	0.679732040718	0.526716868884	0.478074701095	0.636298668685	0.552468731429	0.585143966191	0.554635591837	0.623038496457	0.842825393078	0.766893610374	0.605444691565	0.667701597165	0.780429536868	0.481405639094	0.761611535162	0.705543463833	0.711601532688	0.709614512758	0.724986741671	0.535407735387	0.0	0.453372378729	0.458212506143	0.526717869452	0.787365304003	0.724996611168	0.816741874976	0.5585600967	0.734163930133	0.697115520796	0.72655823678	0.726528929789	0.548903229175	0.675123597194	0.694548883969	0.722174621429	0.715631364359	0.732485109429	0.692903151636	0.711316434032	0.678085656563	0.697030007193	0.602517877283	0.55948708066	0.50255594357	0.629822611165	0.620056655266	0.520797298605	0.514494965095	0.722791942667	0.610207052398	0.634283155545	0.686186062337	0.623982764898	0.577665871997	0.580959896963	0.615472734571	0.600976189673	0.671468522495	0.615827723536	0.562464058757	0.653052969592	0.7087832638	0.67762036406	0.642504893266	0.544752813956	0.589984188571	0.510573081063	0.613121384087	0.617767839553	0.60418091951	0.652908922124	0.576929297407	0.694357801021	0.646917494473	0.546110203377	0.62873696577	0.625157836768	0.60988957818	0.670863813322	0.594685581404
1019	0.686447847253	0.598592180636	0.676644103168	0.597025620597	0.564410255426	0.578329338005	0.631913109137	0.601741271412	0.664549237937	0.531317877117	0.513403132688	0.643605596814	0.529358512347	0.560163199266	0.571030595493	0.618455524164	0.820452202298	0.761871992274	0.594978476556	0.627695729947	0.76997879523	0.503704732584	0.763401536511	0.69482635655	0.689818344001	0.696379045132	0.726065768049	0.5702801104	0.453372378729	0.0	0.46512673078	0.581041081088	0.763186522632	0.718432603549	0.809408084069	0.571511034734	0.732622064853	0.688919679221	0.719947243174	0.724898602197	0.566611985884	0.677727492501	0.692438422137	0.719769522271	0.726665376873	0.726631552865	0.706731144537	0.710966888889	0.675928499717	0.688496728737	0.62939779455	0.575321378416	0.544588173903	0.606297423781	0.582355202696	0.552417109892	0.548121821455	0.706565859137	0.597170764307	0.61048875657	0.672080184795	0.589152935305	0.56096041513	0.567324688431	0.589274921356	0.582800721291	0.638060737799	0.603457177893	0.58512794581	0.639924642906	0.707098572948	0.625430317133	0.615545280767	0.554856504874	0.551119721329	0.50136229863	0.566515230637	0.582071786295	0.57338335998	0.660427415811	0.530157640576	0.669251770664	0.617278750843	0.556462401655	0.628961674368	0.589539152027	0.567118753254	0.644678329767	0.544692776863
