	1142	1143	1141	1146	1147	1144	1145	762	763	760	761	766	764	765	1148	1149	1154	1156	1151	1150	1153	1152	448	833	836	837	838	839	429	1018	1019	1016	1017	424	427	426	449	1138	442	441	440	447	844	843	842	841	439	436	437	434	435	432	430	431	458	459	450	451	452	453	454	455	456	457	1038	1039	1032	1033	1030	1031	1036	1037	1034	1035	757	759	758	461	460	1025	1024	1027	1026	1021	1020	1023	1022	1029	1028	1040
1142	0.0	0.664278338219	0.471197041657	0.689721170959	0.755308218817	0.685475318145	0.707288856259	0.713566228539	0.716421016096	0.677391865946	0.70735207803	0.758236961245	0.702386224612	0.720811801503	0.714089103292	0.703471049892	0.770052566074	0.576227178945	0.757895813679	0.702127396597	0.524033669898	0.770209453022	0.70555774759	0.710433791879	0.728644274611	0.753961269272	0.755144673843	0.713162693122	0.750284596895	0.732374717785	0.715559969816	0.741891902849	0.729420191004	0.833065709401	0.802189613855	0.798271293596	0.701812999361	0.418442936495	0.730017327716	0.752089639017	0.756300561928	0.718375626165	0.739865523528	0.703217821087	0.718735710096	0.762854816631	0.709375815383	0.77851193536	0.730692775637	0.730430450767	0.761316347703	0.767012634452	0.757011773618	0.772108714103	0.687806568791	0.703572742595	0.725160543783	0.706443721846	0.725837401818	0.691891548169	0.702852903837	0.704037787624	0.721356544974	0.720262090855	0.682681131029	0.720197530864	0.625520279508	0.665842350166	0.730426574268	0.702449473768	0.727054104636	0.724923760377	0.723357371795	0.716370668106	0.652730565701	0.694692295674	0.714449318992	0.684505482335	0.664506573452	0.702936950031	0.730306646079	0.680281770482	0.721463180567	0.70129163383	0.649281835613	0.721685224594	0.724307382787	0.67210683383	0.704096980121	0.724966030721
1143	0.664278338219	0.0	0.647962982939	0.525633314042	0.546860226068	0.421259022431	0.513266415261	0.534393558191	0.525820072167	0.620555927357	0.617644254599	0.553248603104	0.504810072552	0.518179783878	0.465110817011	0.55167342867	0.809085418438	0.698756156999	0.538273223144	0.493645743893	0.697224141543	0.5669399476	0.618577672369	0.710568155745	0.55078869465	0.593169946707	0.537965872626	0.567054146352	0.621906726359	0.574909936319	0.58072223743	0.585236557643	0.638745156192	0.780005245835	0.768123915045	0.782816163983	0.609479044867	0.670210833659	0.564744376566	0.530244751568	0.547442729348	0.646727225037	0.562930482039	0.550325346335	0.560133109486	0.565812592945	0.604505756952	0.542966636838	0.566630434914	0.560603935977	0.576239364635	0.648322265529	0.625268562689	0.642339640213	0.479656162329	0.495493462135	0.632603336582	0.623588197797	0.594673344212	0.494283691483	0.474650132168	0.510329605553	0.484743672274	0.467013001468	0.430232359492	0.522647590925	0.529390292294	0.53604943377	0.460391467186	0.525184611764	0.538344784517	0.549939062866	0.641188332988	0.627766987874	0.56425284742	0.613927963758	0.518026175501	0.435123722749	0.473407228722	0.472690609575	0.563674170151	0.420254660159	0.545057064265	0.499923330482	0.623673480343	0.577753399788	0.54623870088	0.471782936441	0.516632261099	0.52603903109
1141	0.471197041657	0.647962982939	0.0	0.588987553305	0.675457169011	0.654083462666	0.639871467277	0.601226993865	0.664830389973	0.681305761962	0.71957741062	0.695660258416	0.646315265905	0.680140457146	0.683058486007	0.633408410013	0.701519821536	0.565373509887	0.653251552206	0.661393035795	0.455358991465	0.707886632367	0.702895204665	0.66582224042	0.675119248297	0.699679168141	0.694101580803	0.676672096106	0.723085451139	0.689547484918	0.691134799261	0.714552550695	0.734214655137	0.827360358212	0.79117550416	0.784822739976	0.679041411387	0.468740022424	0.617737054792	0.703747329346	0.694206598646	0.691144797796	0.705550119039	0.666573136341	0.659705815106	0.713271720407	0.66452694329	0.731445716474	0.680611024851	0.682436588211	0.709003888898	0.712224337116	0.733623105526	0.74482188701	0.631327085319	0.632425308854	0.704068342944	0.737357419925	0.652063590385	0.650373330129	0.646251969809	0.636693120935	0.660437485099	0.669445908144	0.681380401665	0.689092425739	0.651666573146	0.644530308121	0.674778168182	0.646589183539	0.665657810498	0.658849919811	0.662042531173	0.652574662381	0.627873925647	0.647565998337	0.689746643193	0.67694588393	0.620234123237	0.650288829232	0.673674362002	0.668347573099	0.655576424735	0.593381383114	0.711226079499	0.705924067205	0.676947294961	0.674374841546	0.721092958577	0.690751352921
1146	0.689721170959	0.525633314042	0.588987553305	0.0	0.526142620257	0.50904377418	0.465924488952	0.449087734913	0.479660414907	0.62162513092	0.655269667415	0.552713434775	0.461630962046	0.537700337288	0.549791192103	0.482273431849	0.709704535823	0.704360694993	0.479224700312	0.488324567501	0.671148103533	0.577539026763	0.668686034303	0.725675721926	0.486425069258	0.556556553983	0.506515796585	0.557504310228	0.662969274897	0.627552264763	0.635583790962	0.630825363398	0.68222885456	0.790415249799	0.740857376074	0.71740112838	0.578543999183	0.709526433822	0.443033722428	0.53409512846	0.554705053698	0.643792960417	0.528203054988	0.482722335673	0.490091967171	0.566062672877	0.55686197166	0.555633349313	0.536870758417	0.536151268108	0.558826012088	0.684589958824	0.701526269565	0.705499726465	0.447284738062	0.442559574862	0.653332654209	0.688547069418	0.575233126834	0.478919856553	0.501638109709	0.468930480652	0.487763615674	0.506627051224	0.521650067105	0.49702877797	0.558441419283	0.588441143834	0.506612574131	0.5600568165	0.497213926947	0.504695025029	0.552592703343	0.556471918224	0.557935717536	0.579799299482	0.57491891576	0.52427455883	0.482629260289	0.497274168676	0.530613886315	0.549995760618	0.492964148196	0.466970333773	0.65910483544	0.586210619155	0.540778952701	0.502474749596	0.571844519183	0.513952829028
1147	0.755308218817	0.546860226068	0.675457169011	0.526142620257	0.0	0.541977111202	0.510146962105	0.47008985955	0.592819456081	0.607713078573	0.628164340502	0.5326073936	0.486441747926	0.539111708594	0.478452886783	0.508549737667	0.783291592891	0.75438623498	0.497468674909	0.555183952606	0.727859352252	0.507590340916	0.65033360849	0.747356062015	0.571433073947	0.618350053061	0.587258164024	0.628264477611	0.603646777401	0.591122185739	0.597951816412	0.606767665979	0.649338123344	0.857306816753	0.799015689266	0.816560630262	0.610041999486	0.765600072979	0.575542666433	0.592159739064	0.59489082006	0.622058934343	0.63848921053	0.567134450351	0.570691229435	0.588729877835	0.631912999808	0.602053598888	0.569120450213	0.597079756582	0.562686310154	0.604010155091	0.631735413142	0.626060278741	0.538266612955	0.448922326108	0.618128672968	0.637158383574	0.611638724106	0.485277444249	0.495566714921	0.52468910599	0.513895043048	0.521665183213	0.573903486598	0.591010166892	0.585801009929	0.639930503097	0.518191872314	0.570557286354	0.560338542716	0.586391806102	0.664417840627	0.603298997588	0.558176804865	0.590621569066	0.542190465891	0.510285690996	0.527640888754	0.553082279453	0.585690459369	0.514617382035	0.579054688593	0.525325519916	0.643671926205	0.625419653468	0.556573482707	0.53238683594	0.626529504452	0.539855309029
1144	0.685475318145	0.421259022431	0.654083462666	0.50904377418	0.541977111202	0.0	0.514414801133	0.49181556196	0.5723713369	0.560836055875	0.562068634331	0.533892255798	0.474886722987	0.448553661061	0.471295116855	0.525501977111	0.800375849126	0.702457043441	0.506397251374	0.537251779683	0.710567828885	0.554893787397	0.586064139043	0.724819909619	0.557250505195	0.615386063875	0.578700332662	0.57700224778	0.605144927777	0.571430499578	0.556811424515	0.5810608827	0.597635087389	0.783918783889	0.720286126685	0.758999572285	0.567044239985	0.703687776394	0.532767444466	0.586289355952	0.573808288799	0.637959890389	0.566738330813	0.592904819229	0.549769043965	0.602545403973	0.616259806833	0.568184063261	0.549241141184	0.576951817572	0.53771663002	0.647324254111	0.644821197739	0.605947043646	0.481330811595	0.518344951662	0.584575035468	0.610252916795	0.612873395079	0.498938574819	0.467384183841	0.487438670961	0.483964154046	0.442581655103	0.496782860923	0.511738816799	0.516833178764	0.555303008336	0.478433047616	0.532114388602	0.570053315228	0.555802288722	0.613990920982	0.622637814854	0.565131954699	0.612349287838	0.500037300381	0.430121889594	0.450787852269	0.479229434665	0.549952120806	0.415949237099	0.556706238093	0.480096016857	0.606698036846	0.568640997389	0.535515069229	0.466735673695	0.539309786044	0.490202746893
1145	0.707288856259	0.513266415261	0.639871467277	0.465924488952	0.510146962105	0.514414801133	0.0	0.461056296056	0.444333343433	0.632118026589	0.673029716537	0.457988366085	0.506109659174	0.512441134119	0.498221434478	0.488514863812	0.767386186483	0.699186247212	0.500326537243	0.513973797653	0.674175525534	0.525092599104	0.672554510038	0.675462315779	0.450954544454	0.523404160678	0.456681608969	0.522006201291	0.650375553251	0.624189162198	0.641623530662	0.647445125526	0.65989025749	0.822132611758	0.799953373555	0.801532482385	0.629187455164	0.711372924401	0.457114516936	0.517412839757	0.506695709404	0.652879772357	0.500698241826	0.49767264484	0.482748858181	0.520302512808	0.516548930494	0.508481130056	0.461645768003	0.503819397814	0.486561717667	0.622117095498	0.6444083566	0.646849215822	0.481802338649	0.451695720356	0.660681705004	0.649278689034	0.534983280168	0.456023438846	0.437859727291	0.370804852029	0.452773555043	0.497065687437	0.523597385122	0.522446422083	0.543846564977	0.569481081003	0.470799298631	0.573493796767	0.460694061237	0.45752321122	0.602641247661	0.577691817017	0.548876861058	0.607825783527	0.577132023342	0.472093607999	0.515535761345	0.48661216153	0.460825704781	0.50295801218	0.454440956894	0.467905914688	0.655882344353	0.569373376389	0.554785819692	0.489826822655	0.519336115378	0.487555596538
762	0.713566228539	0.534393558191	0.601226993865	0.449087734913	0.47008985955	0.49181556196	0.461056296056	0.0	0.500709226531	0.615859772711	0.647455021285	0.521909451931	0.437528960605	0.529272227373	0.498151601498	0.46641713344	0.715398025221	0.70528563278	0.453261314843	0.523628912249	0.682669574914	0.52877315712	0.662436687319	0.720522439318	0.482184632742	0.492688530584	0.502984983095	0.533401195403	0.658833210321	0.618920749129	0.616844780598	0.609565859062	0.67697738574	0.772120494082	0.709700704447	0.742332958799	0.581450243854	0.730161360692	0.438063314912	0.529398054184	0.52171723266	0.637673493187	0.561740394734	0.483089013969	0.488662326136	0.517808520808	0.499917225174	0.557894415899	0.497099230922	0.518873662926	0.471647677703	0.630722427309	0.663946709199	0.667419457726	0.486352005034	0.457658450806	0.655064953085	0.668609621301	0.538536561277	0.45321521254	0.482337393859	0.456518723409	0.457628099622	0.457590164201	0.574488265016	0.54868850722	0.570073521717	0.59821867357	0.501997068543	0.582746968427	0.50717424827	0.512556077429	0.591361976268	0.560743760041	0.544150908545	0.555890328412	0.541165982673	0.459039285256	0.489883928265	0.457769944119	0.530473261175	0.486908442707	0.497342659783	0.453882441632	0.652491553661	0.575907481002	0.517558305861	0.520500225192	0.561258011287	0.518395490898
763	0.716421016096	0.525820072167	0.664830389973	0.479660414907	0.592819456081	0.5723713369	0.444333343433	0.500709226531	0.0	0.667489019379	0.693962229883	0.522540201624	0.507227322813	0.534902120983	0.542025697718	0.523878483345	0.76564073062	0.707603429958	0.515917640784	0.499727500888	0.682306938434	0.567196690645	0.713843710758	0.711602600626	0.4163842181	0.525348881803	0.455433166199	0.516601831451	0.698915033679	0.646200808653	0.666489396349	0.66410891032	0.683759002828	0.81538030164	0.780444374657	0.775128253395	0.648331241142	0.71836585257	0.460019729425	0.49809933498	0.552769373744	0.682496695896	0.521645812336	0.509328250136	0.479373210702	0.512046473267	0.522619808039	0.508342157729	0.480517911787	0.499415612038	0.542943952268	0.665544317758	0.692453490198	0.694065872665	0.474045461119	0.466741536088	0.688173376696	0.694376997776	0.543385776365	0.491330237456	0.513140198339	0.451034653617	0.491731317255	0.546054585516	0.517533922245	0.520052935802	0.587949451733	0.584804376621	0.470026561587	0.565822931508	0.456629088236	0.462546652461	0.621653321816	0.572364967388	0.588224348005	0.642130744314	0.615544044884	0.508154211658	0.556240488729	0.519346548983	0.495290526294	0.519378251149	0.475263548925	0.519724281028	0.679715359375	0.553576876863	0.548000247697	0.504236290338	0.521870165054	0.501663144354
760	0.677391865946	0.620555927357	0.681305761962	0.62162513092	0.607713078573	0.560836055875	0.632118026589	0.615859772711	0.667489019379	0.0	0.469330689907	0.652837659353	0.522839242305	0.574561691171	0.612547921579	0.598090156268	0.810431431272	0.764344991147	0.638484938697	0.622207035722	0.756616524408	0.610456291503	0.512699610133	0.796513956257	0.70474488721	0.731855547289	0.703695099305	0.706715723787	0.620768115471	0.569509554015	0.527228124404	0.571630181239	0.535818906007	0.840406302972	0.778093993818	0.818990366111	0.551046931408	0.729916375921	0.675770577448	0.724891559866	0.731810091204	0.518668444436	0.724440810524	0.68687251617	0.699043757609	0.7213116138	0.729664680577	0.727598978121	0.710490296963	0.708533195083	0.683992319436	0.668601160474	0.609968977944	0.655191524414	0.58864572619	0.62075764284	0.55506071892	0.540427586319	0.711676001851	0.605023508194	0.631971166991	0.652620428205	0.649451636728	0.577047156542	0.576808510023	0.605123252866	0.555419406498	0.663410826374	0.632652930592	0.601867406675	0.681201517274	0.695237200224	0.62707570731	0.655783231395	0.541010168543	0.4855214751	0.497681317691	0.582932665283	0.554136819703	0.610861065141	0.645422219687	0.604026277726	0.67892377754	0.625133032451	0.55717785382	0.662900684768	0.633332130236	0.593834127532	0.673366689967	0.632834598674
761	0.70735207803	0.617644254599	0.71957741062	0.655269667415	0.628164340502	0.562068634331	0.673029716537	0.647455021285	0.693962229883	0.469330689907	0.0	0.664813595284	0.567714697918	0.603060246607	0.595050700334	0.629195278294	0.84512765269	0.796386349113	0.642388176257	0.667478331739	0.799597707321	0.63423748976	0.494603352117	0.804553295711	0.739996051264	0.763283341044	0.736114340835	0.746735541568	0.569784669666	0.495229797722	0.52620147749	0.55311988298	0.510585715611	0.826378488626	0.763021031467	0.793387508965	0.522191238061	0.764330139908	0.712053585823	0.736675422753	0.7346861096	0.504911567389	0.747359019057	0.723453306166	0.735335153213	0.754335584579	0.771168570817	0.74070366498	0.736540940461	0.738348011675	0.707902684289	0.65708321173	0.599992161655	0.618878065493	0.6221384186	0.670333269535	0.480208654047	0.513651299298	0.760422407376	0.637762745812	0.640813801211	0.681547475809	0.658808435683	0.595095056879	0.588906974126	0.613535672668	0.63348826435	0.709357703783	0.631217118579	0.585406720946	0.70713698035	0.722221844784	0.681391999934	0.717475204691	0.549974233504	0.537228389781	0.511065587639	0.590780925296	0.58266470619	0.642130612461	0.684067056618	0.626861172534	0.706036922248	0.65039566215	0.538708877395	0.680577727849	0.621534767281	0.634118392316	0.701002580949	0.658597877328
766	0.758236961245	0.553248603104	0.695660258416	0.552713434775	0.5326073936	0.533892255798	0.457988366085	0.521909451931	0.522540201624	0.652837659353	0.664813595284	0.0	0.540069834868	0.516797418062	0.502986791618	0.536905644282	0.779617261752	0.7501043681	0.54821810677	0.543614013235	0.743333868991	0.552045224594	0.677135744735	0.793584453364	0.526139814205	0.599753049664	0.547272098745	0.597332766633	0.672865141633	0.639813197238	0.659578610762	0.65543666671	0.662060407139	0.822923034538	0.816471454112	0.827577837681	0.611428241657	0.736256967568	0.54899857922	0.615089512414	0.582587065332	0.656288849128	0.605575766828	0.528372450559	0.537766554131	0.556059575215	0.593382419494	0.560425520096	0.533610295667	0.578208287884	0.510544236585	0.677714312928	0.659621595338	0.658913447575	0.540067082285	0.509915724468	0.659698170717	0.661704398314	0.60467588982	0.522409191512	0.472012700628	0.466196961485	0.567088341697	0.550608883506	0.540479914456	0.562977876954	0.565228711638	0.608610874083	0.497861016568	0.57262288477	0.544893409154	0.512615354653	0.598494263617	0.563150711361	0.591181141059	0.62383017933	0.619988217678	0.52645593975	0.567189697996	0.529808131056	0.537095861211	0.502733602875	0.482251449955	0.52189832386	0.658245949569	0.544054810911	0.587984829174	0.548332172258	0.567794130573	0.540121142134
764	0.702386224612	0.504810072552	0.646315265905	0.461630962046	0.486441747926	0.474886722987	0.506109659174	0.437528960605	0.507227322813	0.522839242305	0.567714697918	0.540069834868	0.0	0.438132934949	0.486581129845	0.504105518655	0.740901840354	0.740567622129	0.488606847302	0.494286314536	0.718042708434	0.512659456001	0.591035421979	0.7554922478	0.553151986484	0.610952512305	0.555057241719	0.594795116895	0.588900489159	0.530714925178	0.534622035351	0.505728309233	0.605170140584	0.765544401146	0.71797928813	0.739738075335	0.55502303568	0.717278947295	0.519502870016	0.602548456371	0.601119377218	0.566765444254	0.611684574147	0.546256053918	0.550431070467	0.606429535023	0.623404029784	0.597142691885	0.56757490059	0.587740237715	0.561548530954	0.629698159128	0.654638196308	0.658171036213	0.425990210491	0.45807886124	0.589285762552	0.586560398111	0.596215903107	0.451289386919	0.510262429487	0.510851561726	0.505172421011	0.425899256078	0.48582636666	0.498413189335	0.489503913414	0.597917053929	0.522991278276	0.563185396366	0.560307196022	0.55525763436	0.624351271263	0.555792235683	0.562691539085	0.529359525241	0.448291542907	0.441109390968	0.454861094344	0.456632983118	0.533539849117	0.470792245568	0.559419975457	0.502790290328	0.604213657309	0.568926819206	0.49039371873	0.476096671582	0.552903031672	0.488879279924
765	0.720811801503	0.518179783878	0.680140457146	0.537700337288	0.539111708594	0.448553661061	0.512441134119	0.529272227373	0.534902120983	0.574561691171	0.603060246607	0.516797418062	0.438132934949	0.0	0.49139365931	0.551792561921	0.797500344033	0.693971427992	0.550091342774	0.480283205755	0.708736397025	0.540387776494	0.607984456008	0.724462581008	0.542967035237	0.601865099202	0.558243903414	0.579888548622	0.642488867515	0.576638579496	0.596275132922	0.596678866375	0.564047538535	0.827169846645	0.790378760947	0.801999727494	0.554848923689	0.719820507637	0.551680998498	0.546900305524	0.545290071301	0.594111556227	0.549805967818	0.57052208368	0.544239521496	0.583387640856	0.608148761746	0.533617449691	0.532363212742	0.565456715783	0.519604358866	0.660546340521	0.644636815571	0.642598981207	0.49212858361	0.490655517389	0.612663619181	0.589686822793	0.553211765435	0.458433376714	0.45276582671	0.483782163736	0.48879128638	0.490769922523	0.471771503005	0.557924128034	0.492512186821	0.593437126823	0.473245477804	0.497185297499	0.544429464539	0.546079800334	0.614915769598	0.561982152104	0.572151145228	0.58385388451	0.526936242868	0.453637513142	0.470234063292	0.522747946909	0.526569304892	0.485054375461	0.529660462627	0.498770790024	0.613674232084	0.555715225275	0.552727880061	0.489361020635	0.56671923419	0.473953667105
1148	0.714089103292	0.465110817011	0.683058486007	0.549791192103	0.478452886783	0.471295116855	0.498221434478	0.498151601498	0.542025697718	0.612547921579	0.595050700334	0.502986791618	0.486581129845	0.49139365931	0.0	0.494546813374	0.816786104723	0.737474178698	0.492302576389	0.547690557452	0.721792315916	0.484190475184	0.623505404284	0.747290346952	0.556567991229	0.600652682702	0.571388595477	0.593947287976	0.557719879304	0.559492984214	0.594296277901	0.593742051819	0.618663929094	0.829456692466	0.780695567676	0.794243144635	0.601973814617	0.715517917473	0.569974653341	0.574321632386	0.585649686805	0.649726244301	0.617133899895	0.590487734936	0.571931191968	0.591061411695	0.62053388441	0.572126747632	0.556927159774	0.574332319316	0.531030463495	0.581041713148	0.605671323624	0.578626789372	0.488887882448	0.477381444218	0.590867542048	0.60804045777	0.618699804734	0.46059484329	0.429284716457	0.463369528082	0.498513424806	0.464343613695	0.529217572498	0.539956027877	0.555285541781	0.581739622888	0.466945529505	0.550358469636	0.525076721906	0.552107942754	0.647457266175	0.635507179834	0.524086970201	0.621221192748	0.549883671317	0.473128938819	0.49705908556	0.492405993469	0.539953843114	0.432684516283	0.563119859985	0.455925340647	0.625135562214	0.579619486219	0.504501274062	0.502593600331	0.56247265384	0.489436716435
1149	0.703471049892	0.55167342867	0.633408410013	0.482273431849	0.508549737667	0.525501977111	0.488514863812	0.46641713344	0.523878483345	0.598090156268	0.629195278294	0.536905644282	0.504105518655	0.551792561921	0.494546813374	0.0	0.7292861922	0.728405105157	0.522298946955	0.504054106217	0.694399961157	0.540240606602	0.647309962058	0.713002080161	0.526880106598	0.609467970593	0.546083995861	0.591014346636	0.60318630323	0.592064312158	0.602771288495	0.602134522521	0.653761035887	0.800188233439	0.748564363365	0.748183646844	0.62852307013	0.71389769307	0.50691085898	0.5866515614	0.572244698145	0.638749742456	0.596904094489	0.539848456561	0.533672606698	0.580162711214	0.58991078106	0.572922303136	0.555463634361	0.572613602671	0.570944827847	0.641948062688	0.684344175708	0.649898302917	0.477020749491	0.490327482825	0.616686433535	0.650473822956	0.599075365911	0.494726571575	0.49955200706	0.509182450149	0.53634620675	0.488105728611	0.544186985228	0.510958361275	0.558208067878	0.589795203828	0.526864186197	0.568354438074	0.547820042912	0.50344867277	0.594979210715	0.595020659904	0.592482417061	0.621496557127	0.562295421329	0.492883319779	0.487188387473	0.507487569613	0.51970954584	0.542585996818	0.503767627868	0.51448260037	0.650625965113	0.575731938898	0.574055847329	0.534425425594	0.581365368512	0.520952478945
1154	0.770052566074	0.809085418438	0.701519821536	0.709704535823	0.783291592891	0.800375849126	0.767386186483	0.715398025221	0.76564073062	0.810431431272	0.84512765269	0.779617261752	0.740901840354	0.797500344033	0.816786104723	0.7292861922	0.0	0.720456591571	0.770461186502	0.747129218229	0.719045902748	0.810865200295	0.845671285243	0.792177231397	0.762308237029	0.758290184618	0.761468640464	0.76794788011	0.858478286669	0.838491093003	0.814813859311	0.800821131138	0.872141259227	0.85960770818	0.839013720936	0.833745934597	0.816864486482	0.778776520605	0.700179936383	0.799914187252	0.780848229585	0.823360025689	0.780419487881	0.745846657669	0.753568041096	0.762530986275	0.752630264077	0.783912167932	0.768312244806	0.748224175378	0.782977395953	0.847266164739	0.876580816303	0.879511099918	0.744119599411	0.727417803326	0.852572036324	0.855415917011	0.686982956802	0.770650735163	0.78923462156	0.755509824109	0.78143367951	0.778392831769	0.837140695536	0.739968497937	0.762666325096	0.725864795736	0.812391404334	0.799110841444	0.750878609913	0.691050522408	0.72925137145	0.700178756812	0.790306110397	0.756788940511	0.79333573094	0.793686677684	0.748819045504	0.749562468559	0.767300888454	0.806675022749	0.719301239028	0.741972560339	0.814022940762	0.753749936329	0.772606290848	0.783871420331	0.7669721045	0.788751661569
1156	0.576227178945	0.698756156999	0.565373509887	0.704360694993	0.75438623498	0.702457043441	0.699186247212	0.70528563278	0.707603429958	0.764344991147	0.796386349113	0.7501043681	0.740567622129	0.693971427992	0.737474178698	0.728405105157	0.720456591571	0.0	0.755062755063	0.664359951093	0.451466211623	0.734058518348	0.773064119003	0.66130984249	0.713077668407	0.704619395415	0.701444641702	0.715487490754	0.812273041443	0.779399071123	0.777702047989	0.783748969146	0.771063918636	0.87142575906	0.850184150784	0.829189516793	0.73804204655	0.565785549681	0.705938369684	0.724242634636	0.69522981844	0.78395983854	0.66479504686	0.705406225078	0.702773816365	0.713266131475	0.706005328528	0.710349002729	0.72358232729	0.691555932317	0.730757202161	0.780032191991	0.794769089549	0.803179321666	0.708329231557	0.697697761176	0.802015063949	0.765970550825	0.65247314967	0.725794453579	0.714863031324	0.696527431931	0.72025156849	0.74118966364	0.733386936402	0.733067369999	0.667997390303	0.673616041701	0.705431030817	0.648606992977	0.699524049462	0.686589236181	0.690123916717	0.73020941425	0.728513133258	0.761143135254	0.751631074412	0.722417610682	0.725350443134	0.729964398566	0.703654201711	0.728341857072	0.709002623414	0.697323493023	0.761953428228	0.717306763882	0.743497005707	0.727987608261	0.724514873924	0.738613681982
1151	0.757895813679	0.538273223144	0.653251552206	0.479224700312	0.497468674909	0.506397251374	0.500326537243	0.453261314843	0.515917640784	0.638484938697	0.642388176257	0.54821810677	0.488606847302	0.550091342774	0.492302576389	0.522298946955	0.770461186502	0.755062755063	0.0	0.558457320446	0.721402545063	0.516317537708	0.662417081046	0.745147829588	0.523403437818	0.540043920365	0.559320700657	0.592377314623	0.614152760602	0.605207470387	0.626272978205	0.601258486872	0.665669751265	0.75629210337	0.699121720027	0.748032047169	0.583501051413	0.75961388224	0.496013140573	0.580632890884	0.584354032867	0.649666256376	0.615400313635	0.574348707833	0.542749040386	0.567677925255	0.567888896914	0.569156127145	0.550450576813	0.547532348509	0.580034601415	0.593144338004	0.617986567644	0.602609543497	0.498291445158	0.489109294133	0.628498245077	0.652276183235	0.576460682409	0.503784200278	0.4982953785	0.511545287264	0.535441307744	0.508791873596	0.535650209904	0.540932645633	0.633061631799	0.654216344978	0.475997180044	0.575571412419	0.551008455858	0.547976585485	0.628878372705	0.61826661045	0.591806271523	0.626880217616	0.555767077445	0.521563055062	0.518783381674	0.490644974819	0.534880361353	0.479096069743	0.548652925087	0.479111021892	0.65844968495	0.57233698993	0.500378111719	0.543568180166	0.566800447256	0.534454941217
1150	0.702127396597	0.493645743893	0.661393035795	0.488324567501	0.555183952606	0.537251779683	0.513973797653	0.523628912249	0.499727500888	0.622207035722	0.667478331739	0.543614013235	0.494286314536	0.480283205755	0.547690557452	0.504054106217	0.747129218229	0.664359951093	0.558457320446	0.0	0.678883767378	0.544533494073	0.672094621033	0.72615456478	0.51462091492	0.59311891549	0.543235281018	0.573106759218	0.684847666795	0.620868518078	0.632249281953	0.633276079788	0.664108594001	0.814621511293	0.770305628017	0.76618637859	0.630616050299	0.725074972555	0.535009332928	0.536400661668	0.542941241372	0.651380374523	0.545439224606	0.531535096343	0.550043963036	0.57103726645	0.590676380155	0.526585044925	0.563471383965	0.552444966902	0.590508308815	0.676638975478	0.700690050003	0.696916539295	0.461069592109	0.449410401348	0.659544557908	0.631457684252	0.554374622299	0.447356804362	0.514673203613	0.499508241141	0.479556132109	0.517128526054	0.536658692667	0.55598420394	0.549532403321	0.601704201001	0.512560629264	0.527202037098	0.524251249759	0.522222845497	0.657449710687	0.569439988015	0.586174347978	0.62477321773	0.565236711116	0.499669868202	0.529325466337	0.511683378146	0.553537643584	0.534394065403	0.513647961192	0.509583866553	0.6674349602	0.577810286985	0.56975142797	0.485907308588	0.55699434491	0.50362239439
1153	0.524033669898	0.697224141543	0.455358991465	0.671148103533	0.727859352252	0.710567828885	0.674175525534	0.682669574914	0.682306938434	0.756616524408	0.799597707321	0.743333868991	0.718042708434	0.708736397025	0.721792315916	0.694399961157	0.719045902748	0.451466211623	0.721402545063	0.678883767378	0.0	0.704359453408	0.765238259327	0.681794466724	0.68522343511	0.712240032954	0.717313467942	0.673659325905	0.785671402608	0.777357244594	0.763372853774	0.774199713078	0.763746460894	0.869228092899	0.849600638049	0.828763327486	0.735178292789	0.480723158461	0.681207266535	0.706594163041	0.72686522959	0.780702395622	0.697844347971	0.682775263305	0.663899809708	0.71225126306	0.687317204648	0.750507558439	0.682132271522	0.695058131708	0.723187743561	0.754403242427	0.786994599455	0.787812983131	0.691841217172	0.679210231489	0.798876619762	0.762489262569	0.667888219329	0.688860391889	0.673572477234	0.657564162145	0.70200445391	0.725138408737	0.720747348512	0.741606853645	0.655169265166	0.67195588052	0.710986438856	0.662730986353	0.707729419366	0.679439743073	0.714259147558	0.685533508027	0.702537942685	0.742784193316	0.747542980808	0.721031868128	0.720113183459	0.717692830436	0.709167844556	0.704126286792	0.691829218558	0.68211731553	0.745963973136	0.746153954425	0.724020488464	0.721017305775	0.749315660846	0.706264752895
1152	0.770209453022	0.5669399476	0.707886632367	0.577539026763	0.507590340916	0.554893787397	0.525092599104	0.52877315712	0.567196690645	0.610456291503	0.63423748976	0.552045224594	0.512659456001	0.540387776494	0.484190475184	0.540240606602	0.810865200295	0.734058518348	0.516317537708	0.544533494073	0.704359453408	0.0	0.634016965177	0.743697642325	0.58252818297	0.627269986679	0.588100199709	0.634156777905	0.556308220487	0.579850014898	0.587182600026	0.591758795514	0.585031259559	0.838624143229	0.786093503111	0.798481844237	0.612796637767	0.75841602099	0.606215893536	0.611336554884	0.637183957441	0.617977758222	0.645307742812	0.625807181721	0.612867514546	0.614990985147	0.644867356366	0.621430830325	0.605388350428	0.607685377932	0.579386046588	0.55791757234	0.56180850868	0.563412301935	0.558466550326	0.522465923871	0.583088645772	0.572981055648	0.620770900175	0.507328373625	0.488781115503	0.538166292064	0.523442562205	0.508096859146	0.593647990256	0.593851614709	0.599982260854	0.663151990713	0.519699584399	0.556994468397	0.563113045549	0.605276664163	0.671562043509	0.631960496881	0.567921827069	0.614820096369	0.545412413373	0.549733150668	0.58977046031	0.559197441138	0.58404283708	0.528564723067	0.581627565659	0.522296795128	0.625601611295	0.621330522763	0.561776959726	0.575495673553	0.630297192786	0.536836732146
448	0.70555774759	0.618577672369	0.702895204665	0.668686034303	0.65033360849	0.586064139043	0.672554510038	0.662436687319	0.713843710758	0.512699610133	0.494603352117	0.677135744735	0.591035421979	0.607984456008	0.623505404284	0.647309962058	0.845671285243	0.773064119003	0.662417081046	0.672094621033	0.765238259327	0.634016965177	0.0	0.78311096809	0.735929829186	0.764068335077	0.735565299697	0.744254174504	0.611731317941	0.533244425724	0.531060119751	0.575237400011	0.440352913892	0.816372679986	0.783966514625	0.804608201079	0.526214015931	0.718210096983	0.709706528865	0.735333685176	0.745770797037	0.46618239495	0.747580511583	0.74854819072	0.745625509546	0.76367560858	0.765831153461	0.757471976934	0.752394302	0.741179059773	0.721940109875	0.654640516718	0.591896359153	0.629701104233	0.644949703269	0.690705241715	0.500708622326	0.507683336908	0.744443877336	0.671696469073	0.669153137026	0.702068396423	0.671952298194	0.593495456583	0.611498281792	0.638345027902	0.611086816829	0.705917144336	0.643933341438	0.605913711961	0.71941724098	0.731972064163	0.688977480544	0.715806133317	0.611739909355	0.522281868021	0.59503714497	0.627578630398	0.62207486658	0.636938499174	0.684605313812	0.632375235982	0.697369447953	0.66143643066	0.539277508087	0.695200225516	0.659088811417	0.663832915034	0.703679455671	0.65657987684
833	0.710433791879	0.710568155745	0.66582224042	0.725675721926	0.747356062015	0.724819909619	0.675462315779	0.720522439318	0.711602600626	0.796513956257	0.804553295711	0.793584453364	0.7554922478	0.724462581008	0.747290346952	0.713002080161	0.792177231397	0.66130984249	0.745147829588	0.72615456478	0.681794466724	0.743697642325	0.78311096809	0.0	0.663078047965	0.671696569777	0.659404744858	0.7082914516	0.765367531866	0.765548921265	0.767356201141	0.782094415232	0.786817392345	0.898772866037	0.880236707572	0.86198862436	0.780461100225	0.686813513032	0.689058327047	0.668708949248	0.659709128272	0.78428595788	0.665062187137	0.710542100505	0.688167552931	0.696152650979	0.715069992638	0.666332790959	0.675365571498	0.647251998265	0.711994526744	0.737525329328	0.759924599144	0.758699294055	0.705440155064	0.716880286109	0.78476465334	0.784869070012	0.719467405193	0.723899610711	0.711530219517	0.689484207321	0.693364047436	0.73368300767	0.753811562751	0.751984088592	0.737108082678	0.647515356968	0.721806480581	0.728568940137	0.675715054684	0.720342415317	0.746447491175	0.77322744839	0.732017448468	0.780293138211	0.766103854731	0.724488113553	0.735008675973	0.759969926352	0.686780106103	0.733017615403	0.736222605964	0.710203569425	0.801088658666	0.757732707683	0.773178531739	0.723465398391	0.745918286663	0.726259633214
836	0.728644274611	0.55078869465	0.675119248297	0.486425069258	0.571433073947	0.557250505195	0.450954544454	0.482184632742	0.4163842181	0.70474488721	0.739996051264	0.526139814205	0.553151986484	0.542967035237	0.556567991229	0.526880106598	0.762308237029	0.713077668407	0.523403437818	0.51462091492	0.68522343511	0.58252818297	0.735929829186	0.663078047965	0.0	0.382749989203	0.339462448234	0.35110367314	0.731023252831	0.710157084713	0.718847936691	0.721429419447	0.727982673842	0.808224930299	0.782385801378	0.776524467814	0.682739185173	0.724186565272	0.324561612133	0.402846278446	0.423875756587	0.728541386176	0.430121303861	0.376320271085	0.322787843927	0.397997676307	0.407968884266	0.385719912356	0.347677865056	0.386328330037	0.434178442178	0.70231725552	0.723597832007	0.728554763861	0.446568652621	0.441277916395	0.736237265011	0.740546237027	0.53644554027	0.508376639525	0.468143567887	0.425086196936	0.479862604496	0.533914838325	0.562781525611	0.542253788747	0.583044827775	0.54915320975	0.514261348745	0.61677680392	0.463095015394	0.453393497055	0.592524751264	0.581327879768	0.610856332861	0.666798307205	0.681358797851	0.536842574832	0.541262875013	0.520801454026	0.495496146653	0.513622316836	0.440246698207	0.484490451251	0.73018516325	0.582645142705	0.577462403544	0.497259566093	0.528537067643	0.470932605739
837	0.753961269272	0.593169946707	0.699679168141	0.556556553983	0.618350053061	0.615386063875	0.523404160678	0.492688530584	0.525348881803	0.731855547289	0.763283341044	0.599753049664	0.610952512305	0.601865099202	0.600652682702	0.609467970593	0.758290184618	0.704619395415	0.540043920365	0.59311891549	0.712240032954	0.627269986679	0.764068335077	0.671696569777	0.382749989203	0.0	0.38216929044	0.447537800197	0.755136303087	0.745225512335	0.736920679889	0.729026575777	0.745713482325	0.829612755606	0.802187193423	0.824412663187	0.694429565916	0.751012769183	0.442470886076	0.482356989159	0.465330121213	0.743926097366	0.44324877775	0.497043395097	0.464030306809	0.411294546866	0.411968578364	0.422061998981	0.432218927745	0.387003351893	0.459555939825	0.702655011513	0.720175639257	0.741107438586	0.539895172193	0.529286926995	0.764946399469	0.750576355371	0.505480150134	0.565670897679	0.543525128536	0.514204027442	0.546645608792	0.595496770297	0.614377814187	0.575979453702	0.642226311865	0.556779737834	0.569699808323	0.658621421084	0.487846840457	0.540714817162	0.617111705203	0.638761258469	0.648618090199	0.700145989474	0.706638812913	0.594557925772	0.614445678084	0.610391559964	0.492668362501	0.554873788461	0.519142843171	0.562346687945	0.741127334284	0.562618538089	0.605034009171	0.570534136964	0.520898171401	0.581814727363
838	0.755144673843	0.537965872626	0.694101580803	0.506515796585	0.587258164024	0.578700332662	0.456681608969	0.502984983095	0.455433166199	0.703695099305	0.736114340835	0.547272098745	0.555057241719	0.558243903414	0.571388595477	0.546083995861	0.761468640464	0.701444641702	0.559320700657	0.543235281018	0.717313467942	0.588100199709	0.735565299697	0.659404744858	0.339462448234	0.38216929044	0.0	0.438882627397	0.731597830469	0.704890308074	0.718984162726	0.726319160926	0.727832357102	0.858830709546	0.827917382945	0.827925491361	0.679709997363	0.753600851521	0.400062233679	0.423975456959	0.35685507933	0.729250918989	0.396110296956	0.43014410871	0.426042213552	0.36016251581	0.475162310862	0.377204099574	0.39719871184	0.347653718263	0.400041383131	0.701265865675	0.724609466943	0.724149245125	0.49173844011	0.485193179922	0.735342488312	0.739809068243	0.488865756684	0.533896568438	0.503990228013	0.457783520363	0.488455175185	0.516716100964	0.551447928401	0.504963923826	0.608250953251	0.551012524486	0.522685990188	0.615910424613	0.413443699841	0.480277575414	0.569216058865	0.600138461994	0.613547907554	0.674845397101	0.668612756218	0.545971512288	0.574441183581	0.565107507922	0.450384428018	0.539455323882	0.483723859334	0.521502764446	0.722184538653	0.575884208197	0.601139983776	0.539632243695	0.51198925232	0.524581665606
839	0.713162693122	0.567054146352	0.676672096106	0.557504310228	0.628264477611	0.57700224778	0.522006201291	0.533401195403	0.516601831451	0.706715723787	0.746735541568	0.597332766633	0.594795116895	0.579888548622	0.593947287976	0.591014346636	0.76794788011	0.715487490754	0.592377314623	0.573106759218	0.673659325905	0.634156777905	0.744254174504	0.7082914516	0.35110367314	0.447537800197	0.438882627397	0.0	0.747024733592	0.726781516494	0.727167078561	0.734174388566	0.725398833487	0.810466456257	0.771933629086	0.778133829262	0.710318661894	0.701703712015	0.433552698878	0.426859898215	0.509451695723	0.740278487624	0.491384863707	0.45586978839	0.424660595662	0.477137071739	0.407732186489	0.524469544986	0.407921127817	0.46982632619	0.496956752671	0.729519340567	0.739645753259	0.742798244398	0.51115479571	0.513551655755	0.755347532827	0.748360445833	0.569787065636	0.5588277225	0.505009016366	0.486274595508	0.539866044691	0.58657237901	0.562747570875	0.595390287946	0.615987091394	0.553042490216	0.573847788043	0.650686781788	0.542750188444	0.520514130316	0.647219617649	0.583494642673	0.637127826944	0.674695805216	0.70066671237	0.583712846007	0.597193903277	0.576378829379	0.536911585642	0.544284079875	0.498021777567	0.549228288653	0.744764133936	0.635490155581	0.625128378117	0.545748760168	0.56414916648	0.540955552114
429	0.750284596895	0.621906726359	0.723085451139	0.662969274897	0.603646777401	0.605144927777	0.650375553251	0.658833210321	0.698915033679	0.620768115471	0.569784669666	0.672865141633	0.588900489159	0.642488867515	0.557719879304	0.60318630323	0.858478286669	0.812273041443	0.614152760602	0.684847666795	0.785671402608	0.556308220487	0.611731317941	0.765367531866	0.731023252831	0.755136303087	0.731597830469	0.747024733592	0.0	0.494958738088	0.554389334584	0.553721991549	0.600617941663	0.837436930425	0.777001648078	0.805351722136	0.635871284912	0.756979813841	0.727522005559	0.738667275669	0.746233609708	0.600636090304	0.763758787762	0.728570870783	0.730784932347	0.749575414561	0.764745580992	0.747813217289	0.735415158461	0.730802348013	0.714382569464	0.524837047445	0.510605849028	0.44275079759	0.642663926395	0.664246327788	0.519915764989	0.550727550601	0.763818483184	0.619463291459	0.621342607965	0.679041713027	0.651079220772	0.610653476949	0.62044686264	0.650940400085	0.659782309865	0.698794292699	0.647477833197	0.644144633359	0.696120745977	0.735412344696	0.738818219913	0.724680528923	0.616155008505	0.639700370575	0.575127575795	0.619163469449	0.608276424355	0.624379016377	0.686845604632	0.614166013098	0.727169976889	0.646083509342	0.631553412034	0.684972338466	0.649162700987	0.655871161962	0.708030633442	0.646273002516
