	1142	1143	1141	1146	1147	1144	1145	762	763	760	761	766	764	765	1148	1149	1154	1156	1151	1150	1153	448	833	836	837	838	839	429	1018	1019	1016	1017	424	427	426	449	1138	442	441	440	447	844	843	842	841	439	436	437	434	435	432	430	431	458	459	450	451	452	453	454	455	456	457	1038	1039	1032	1033	1030	1031	1036	1037	1034	1035	757	759	758	461	460	1025	1024	1027	1026	1021	1020	1023	1022	1029	1028	1040
1142	0.0	0.092170086	0.024553407	0.113395039	0.112263375	0.106206644	0.07844153	0.08592057	0.075551234	0.139760209	0.225552341	0.098630977	0.114342175	0.109351887	0.121285532	0.084590715	0.060949412	0.060037122	0.115402969	0.075725653	0.050439059	0.242298217	0.04961944	0.07663816	0.081070297	0.080691114	0.078744075	0.251907906	0.271551783	0.244623084	0.287481889	0.302647483	0.498120926	0.49545775	0.499422376	0.18248145	0.034107723	0.074712855	0.078875982	0.07700281	0.244093206	0.08186613	0.076820658	0.07695642	0.080330281	0.077856426	0.080854817	0.077983729	0.076824087	0.086166198	0.212596033	0.268053112	0.230355347	0.077796766	0.081233002	0.205416967	0.198510175	0.075341913	0.086599826	0.084924872	0.074431095	0.085027546	0.098288598	0.124567506	0.117922942	0.078765454	0.054736238	0.109101922	0.137328887	0.090965879	0.075859977	0.073952647	0.069575067	0.116238149	0.179556932	0.132477678	0.099101047	0.08156263	0.091348263	0.084121228	0.098900494	0.089045257	0.092974264	0.207771497	0.09920759	0.103411171	0.0936302	0.089485998	0.126320575
1143	0.092170086	0.0	0.084455369	0.024124831	0.026708741	0.016097488	0.016198422	0.019719994	0.035417912	0.094684215	0.171010779	0.014584043	0.029459043	0.024996089	0.031816156	0.011967349	0.067171846	0.061761118	0.026939915	0.025401099	0.074764637	0.198234691	0.087097004	0.04489177	0.044457559	0.044714402	0.046711809	0.196418662	0.209005507	0.194762044	0.224746703	0.245864973	0.470869036	0.454852002	0.474547402	0.128114292	0.102148173	0.041938217	0.04554843	0.043774678	0.204305502	0.044823368	0.042151206	0.045783288	0.046020645	0.041046912	0.044355017	0.046250061	0.040000561	0.040145626	0.163578121	0.215340864	0.178882601	0.018311522	0.026897504	0.171670557	0.169433723	0.027546119	0.018418198	0.016135712	0.024049271	0.020311046	0.013222876	0.040213094	0.032723292	0.033677832	0.066278538	0.023369608	0.064238015	0.017552657	0.033496223	0.046017881	0.045189817	0.065264523	0.141983896	0.070184566	0.013350351	0.014767392	0.019104079	0.024425778	0.01354184	0.017097247	0.011409322	0.169023031	0.013051194	0.018293025	0.011329948	0.02484285	0.041425483
1141	0.024553407	0.084455369	0.0	0.102530806	0.108602202	0.095579195	0.074378957	0.082645465	0.072493599	0.148991144	0.227148958	0.095200034	0.111137414	0.10616064	0.111221377	0.076113512	0.059437415	0.058381785	0.104668906	0.065599424	0.048231962	0.244836712	0.054676793	0.075001101	0.077937364	0.077724501	0.076949272	0.246327345	0.260871328	0.236744805	0.283624084	0.305281172	0.488485593	0.485663497	0.489736201	0.191720885	0.031176932	0.072228216	0.076815655	0.074990017	0.247035301	0.078863569	0.073767925	0.075713773	0.07737776	0.074680183	0.077807476	0.076753746	0.073677188	0.082999069	0.206794176	0.266982031	0.2242603	0.073521191	0.077931249	0.209099228	0.205188644	0.07241991	0.083400633	0.081475195	0.07106838	0.081615229	0.095028439	0.121283825	0.114460581	0.076751195	0.052740967	0.105789015	0.133297028	0.087673882	0.07275967	0.070502728	0.069292538	0.123562724	0.191079093	0.128948765	0.095980544	0.076702581	0.087930812	0.080804673	0.095652279	0.085652914	0.089539719	0.213583152	0.093463167	0.099805982	0.090282503	0.086357987	0.123056566
1146	0.113395039	0.024124831	0.102530806	0.0	0.016157994	0.010051181	0.038688543	0.036090939	0.051594285	0.081908758	0.154154556	0.027826058	0.013559568	0.01546091	0.014134625	0.031762042	0.084667239	0.079564717	0.010090168	0.042077298	0.092457966	0.178738372	0.105153981	0.061061889	0.060457494	0.060939111	0.062859134	0.180247065	0.191667174	0.177706877	0.211817238	0.22863062	0.483178337	0.467043667	0.486759795	0.112027277	0.123223658	0.058086188	0.061851873	0.060333093	0.187205183	0.060888713	0.058445535	0.061866095	0.062168112	0.057122393	0.060500222	0.062492296	0.05637226	0.056374141	0.14995619	0.199300021	0.16302478	0.039751711	0.044335941	0.15491077	0.152703138	0.048545238	0.036100135	0.033689519	0.043496512	0.037694717	0.025231717	0.026392295	0.015444195	0.051386089	0.083973421	0.016706349	0.05114004	0.0348488	0.049765168	0.063261008	0.055997192	0.05279854	0.129020541	0.057448353	0.024658464	0.035741319	0.035062462	0.041941731	0.027185591	0.0333089	0.027622113	0.152363754	0.020056917	0.02803695	0.029424933	0.041127509	0.026486654
1147	0.112263375	0.026708741	0.108602202	0.016157994	0.0	0.016076687	0.037020643	0.029070673	0.044157657	0.083153504	0.16404415	0.020364622	0.013123926	0.008597464	0.022204669	0.034067686	0.078522567	0.073493887	0.021233562	0.047999362	0.086293638	0.189482476	0.100471109	0.053556013	0.053122912	0.053405047	0.055470836	0.188713615	0.202758684	0.189356071	0.215135786	0.239401498	0.488510791	0.472441591	0.492154339	0.111057165	0.123561502	0.050605228	0.054162473	0.052400425	0.198592013	0.053533411	0.050874021	0.054505637	0.054738576	0.049800425	0.052877744	0.05495444	0.048409512	0.048457535	0.160326452	0.208898463	0.171940548	0.037657929	0.035581743	0.164394608	0.162148042	0.043410112	0.029800931	0.028839947	0.039529026	0.031059449	0.018040283	0.027519105	0.015418857	0.045231479	0.077857489	0.008807883	0.052063972	0.029275394	0.042677756	0.057139668	0.050638614	0.057201868	0.135983683	0.065422713	0.017046648	0.035517499	0.027845572	0.036165563	0.018906555	0.027260878	0.021451591	0.162906842	0.019617055	0.02143031	0.022534867	0.033629831	0.026064466
1144	0.106206644	0.016097488	0.095579195	0.010051181	0.016076687	0.0	0.030839104	0.02955727	0.04516835	0.087947759	0.160812713	0.021502767	0.019185615	0.014141501	0.019990396	0.023791509	0.078541912	0.073367416	0.015863261	0.034805325	0.086295903	0.185568175	0.098807026	0.054653706	0.054200689	0.054486366	0.056477779	0.186717202	0.198400811	0.184286862	0.217827585	0.235458299	0.477428266	0.461352956	0.48109573	0.118637744	0.116077585	0.051670927	0.055280002	0.053632054	0.194066376	0.054602624	0.05195453	0.05554827	0.055763601	0.050933394	0.053997295	0.055993565	0.049808065	0.049733736	0.155048985	0.205769314	0.169359637	0.031594542	0.037411248	0.161505605	0.159181985	0.041274771	0.028582412	0.02630164	0.035515029	0.030460686	0.017725656	0.032579704	0.021902304	0.045060214	0.077664094	0.01286287	0.057475543	0.027509435	0.043434709	0.057074131	0.048478147	0.058839595	0.135526882	0.06326234	0.017859429	0.027860428	0.028610923	0.034292594	0.020352254	0.027086961	0.02095016	0.158958365	0.01260174	0.021849949	0.021488788	0.034307106	0.032862703
1145	0.07844153	0.016198422	0.074378957	0.038688543	0.037020643	0.030839104	0.0	0.012094318	0.026248092	0.101594005	0.181711017	0.025423203	0.040291447	0.035610859	0.046285574	0.009962655	0.056999188	0.051382622	0.040180761	0.016357363	0.064435163	0.212201807	0.076169442	0.035571942	0.035095549	0.035572454	0.037399817	0.205850988	0.219207705	0.205563336	0.232898829	0.258796791	0.465575332	0.449558124	0.469279238	0.137787884	0.088755391	0.032613845	0.036441718	0.03453757	0.214793738	0.035545664	0.032960166	0.036461556	0.036719475	0.031896892	0.035210607	0.036881823	0.030812221	0.03175428	0.172774893	0.224986576	0.188442611	0.009206342	0.018545672	0.182156033	0.180051261	0.016217875	0.01183119	0.010337992	0.014626679	0.011691466	0.023214286	0.050942682	0.042919318	0.034432822	0.056566238	0.034108942	0.071209759	0.015668871	0.024456163	0.035787497	0.053381973	0.071525909	0.148659136	0.07921034	0.023556259	0.00556266	0.017440015	0.01513006	0.023992896	0.016099483	0.018786132	0.179603419	0.02505148	0.029153001	0.018379674	0.016124932	0.052440099
762	0.08592057	0.019719994	0.082645465	0.036090939	0.029070673	0.02955727	0.012094318	0.0	0.016738166	0.105733459	0.188233705	0.014758009	0.033415185	0.027550153	0.045646154	0.011930699	0.052148786	0.0471967	0.043322471	0.021695627	0.059917955	0.212792597	0.073754878	0.02609843	0.025539643	0.02601276	0.027904249	0.21473728	0.225555995	0.211878012	0.237854725	0.262528499	0.46253639	0.446631272	0.46615925	0.135285918	0.097160087	0.023143743	0.026834392	0.025154878	0.221170836	0.025995444	0.023348634	0.026918684	0.027215227	0.022464998	0.025410783	0.027492147	0.021103219	0.02134709	0.181729295	0.233747168	0.197472225	0.013163642	0.009996274	0.189416109	0.187091175	0.015695299	0.005130462	0.005482166	0.013487483	0.004970526	0.018424374	0.048470632	0.035096294	0.029249148	0.051366838	0.026911088	0.072899811	0.009889185	0.015117479	0.031275581	0.052809429	0.076561057	0.155554764	0.086487026	0.017178217	0.009771236	0.007573915	0.008347052	0.014238518	0.007385801	0.0104356	0.186282751	0.02119215	0.019603745	0.011933138	0.006878884	0.047567233
763	0.075551234	0.035417912	0.072493599	0.051594285	0.044157657	0.04516835	0.026248092	0.016738166	0.0	0.121182667	0.204097063	0.025848951	0.048978103	0.041310383	0.061695338	0.027749877	0.037509384	0.033388552	0.059291293	0.024828509	0.045746205	0.228314921	0.062015972	0.010140196	0.010007247	0.010651644	0.012210207	0.230497294	0.241113911	0.227613124	0.253151695	0.277915343	0.448732634	0.441901786	0.45254043	0.15036283	0.086823569	0.007513955	0.011522564	0.009929636	0.23651934	0.010421134	0.007653568	0.011146316	0.011329673	0.007141676	0.010187889	0.012078927	0.006269479	0.012072612	0.197343243	0.249355712	0.213288157	0.020844342	0.010077312	0.205231237	0.202907577	0.014736277	0.019667896	0.02084277	0.012672621	0.017227088	0.032862692	0.063979034	0.046939528	0.039069606	0.041164742	0.041106066	0.086985399	0.022861251	0.004138453	0.038826571	0.065001189	0.092052263	0.170301182	0.102141816	0.031519959	0.02378195	0.018404989	0.01597502	0.026521374	0.019542905	0.026005554	0.201858763	0.035428574	0.032803797	0.02608823	0.015783932	0.061864981
760	0.139760209	0.094684215	0.148991144	0.081908758	0.083153504	0.087947759	0.101594005	0.105733459	0.121182667	0.0	0.092759264	0.096979298	0.07406709	0.082616108	0.071823935	0.103503968	0.136290913	0.128872103	0.081698134	0.110826388	0.14289685	0.125887468	0.152144537	0.130695207	0.130154204	0.130791675	0.132762802	0.137088727	0.14890312	0.128974351	0.16462117	0.174064002	0.555680141	0.539571077	0.559556065	0.049653271	0.1542229	0.12780515	0.131486935	0.129989143	0.123856627	0.130643693	0.127945555	0.131739707	0.13175479	0.127007509	0.129966278	0.13237333	0.12583833	0.125750867	0.164948502	0.149167995	0.1213642	0.106995677	0.113732661	0.091824146	0.088671752	0.11124746	0.104859541	0.102544385	0.111979708	0.107017407	0.091503973	0.059238189	0.079677637	0.101446757	0.133746025	0.084706173	0.046789432	0.104481806	0.119235362	0.114841142	0.101461244	0.04366915	0.059863245	0.053771111	0.09300526	0.104598075	0.104789862	0.110106013	0.096979767	0.102836144	0.096977529	0.087459734	0.092474335	0.095962944	0.097814661	0.111319737	0.062631598
761	0.225552341	0.171010779	0.227148958	0.154154556	0.16404415	0.160812713	0.181711017	0.188233705	0.204097063	0.092759264	0.0	0.179749354	0.156615244	0.165040398	0.144899585	0.178877058	0.222845181	0.215782199	0.15053443	0.184187944	0.22968521	0.052705	0.237082207	0.213410597	0.212880336	0.213247987	0.215158838	0.096189787	0.077419912	0.061722081	0.104033698	0.096524388	0.622211699	0.606063545	0.626033545	0.085105353	0.23831959	0.210543712	0.214136197	0.212656105	0.063763103	0.213119929	0.210713095	0.214244943	0.214404402	0.209449977	0.212676772	0.214870804	0.208541238	0.208232893	0.232640896	0.085050191	0.146303638	0.186778185	0.196174999	0.060443812	0.06181117	0.194026508	0.187024089	0.184685677	0.193629514	0.189208789	0.173814169	0.141328173	0.161947359	0.186712337	0.220160191	0.166740163	0.123592848	0.186962226	0.20197896	0.201256932	0.187391492	0.123456734	0.138491561	0.127714751	0.175312246	0.183878003	0.187188616	0.192724797	0.179243673	0.185502996	0.179417107	0.075312762	0.170991561	0.177391672	0.179963585	0.193649753	0.144631794
766	0.098630977	0.014584043	0.095200034	0.027826058	0.020364622	0.021502767	0.025423203	0.014758009	0.025848951	0.096979298	0.179749354	0.0	0.024952828	0.017198392	0.037508581	0.022509838	0.061748863	0.057569703	0.035297722	0.034970278	0.070267572	0.204141976	0.085408155	0.034661669	0.034144326	0.034685559	0.036653954	0.206405425	0.217077836	0.203558797	0.22903024	0.253570242	0.472529583	0.456513735	0.476223409	0.126165957	0.109740622	0.032032298	0.035623613	0.034567121	0.212254535	0.034682015	0.031948281	0.035633577	0.035582072	0.031145909	0.034303722	0.036627912	0.03064405	0.030256173	0.173893884	0.225146483	0.189259972	0.026398741	0.021538787	0.181100342	0.178780108	0.026931048	0.015800271	0.016255633	0.027110928	0.017068651	0.009242631	0.039901893	0.024442079	0.028975119	0.061208669	0.016956541	0.062752488	0.014045084	0.025554458	0.040634194	0.042447976	0.068370212	0.146898449	0.078348709	0.007586782	0.022902469	0.011085508	0.019674813	0.004129595	0.010948538	0.008142137	0.177695422	0.012555367	0.00938	0.008634541	0.016270153	0.037682472
764	0.114342175	0.029459043	0.111137414	0.013559568	0.013123926	0.019185615	0.040291447	0.033415185	0.048978103	0.07406709	0.156615244	0.024952828	0.0	0.0110982	0.014375241	0.037106284	0.083031359	0.077991149	0.016722534	0.050605542	0.090763434	0.181875988	0.103778971	0.058398667	0.05781308	0.058267517	0.060220996	0.183266991	0.194111622	0.180087677	0.206111904	0.231142588	0.493718173	0.477636659	0.497421063	0.104469259	0.12542054	0.055449106	0.059107261	0.057421809	0.189688925	0.058240121	0.055603537	0.059227415	0.05952945	0.054726405	0.057596512	0.059833448	0.053499308	0.053416855	0.15285243	0.202261127	0.165889852	0.041327303	0.041774669	0.157698504	0.155150484	0.04488222	0.033250801	0.032017049	0.04278843	0.035336147	0.021684301	0.016862849	0.008944563	0.049531427	0.082128003	0.012378945	0.041572572	0.032516466	0.047368146	0.061604838	0.052163344	0.046481028	0.125371851	0.055366831	0.022237992	0.038240859	0.032457904	0.038099927	0.024589279	0.031837594	0.025210469	0.154711632	0.022557179	0.025993834	0.025651195	0.038544371	0.0160464
765	0.109351887	0.024996089	0.10616064	0.01546091	0.008597464	0.014141501	0.035610859	0.027550153	0.041310383	0.082616108	0.165040398	0.017198392	0.0110982	0.0	0.023790431	0.032797504	0.073695877	0.069110565	0.021823556	0.046196066	0.081767954	0.189873114	0.095062293	0.049481523	0.048854336	0.049347301	0.051309334	0.192123739	0.20276751	0.189257653	0.214916104	0.239724374	0.488002199	0.471860041	0.491604509	0.111759627	0.12039527	0.046741724	0.050100267	0.048695463	0.198392923	0.049334147	0.046659195	0.050341539	0.05050234	0.045772179	0.048685832	0.050863158	0.044940834	0.044517545	0.161127624	0.210999195	0.174652694	0.036713597	0.034759447	0.166451538	0.16403167	0.037412794	0.025534113	0.026763777	0.038015888	0.027701577	0.014952295	0.025598349	0.012222155	0.040467727	0.072937573	0.004541207	0.047812674	0.023572884	0.040429546	0.052315968	0.044637284	0.054810616	0.133647545	0.064449187	0.014629092	0.033390523	0.025444542	0.029672847	0.017847149	0.0257164	0.019394509	0.163278258	0.017349997	0.017939474	0.019399237	0.030085509	0.022035942
1148	0.121285532	0.031816156	0.111221377	0.014134625	0.022204669	0.019990396	0.046285574	0.045646154	0.061695338	0.071823935	0.144899585	0.037508581	0.014375241	0.023790431	0.0	0.038580233	0.095142878	0.089562108	0.015641521	0.050695791	0.102659439	0.170858101	0.114876942	0.071186376	0.070766521	0.071029934	0.073038151	0.170654622	0.182977635	0.168989674	0.201485235	0.219767305	0.49470423	0.47865505	0.498456294	0.102809238	0.131345745	0.068159161	0.071851068	0.070006584	0.17877723	0.071132244	0.068453138	0.072117122	0.072299717	0.067369384	0.070483301	0.072520171	0.066064125	0.066030594	0.141626181	0.189905828	0.153431779	0.047045608	0.053113908	0.145366729	0.143138057	0.057215171	0.044608076	0.0424622	0.051686213	0.046457294	0.033001544	0.01728815	0.021237086	0.061560666	0.094120198	0.023905138	0.042404993	0.044788587	0.059865223	0.073735403	0.063801009	0.044633869	0.121155286	0.048476476	0.033605589	0.044156606	0.045289505	0.05094968	0.036547566	0.043378341	0.036918304	0.143336481	0.028925764	0.038232671	0.037298484	0.05105505	0.017057493
1149	0.084590715	0.011967349	0.076113512	0.031762042	0.034067686	0.023791509	0.009962655	0.011930699	0.027749877	0.103503968	0.178877058	0.022509838	0.037106284	0.032797504	0.038580233	0.0	0.060373043	0.054979657	0.034168404	0.015636292	0.068054368	0.206701192	0.079904295	0.037237053	0.036837338	0.037207433	0.039172112	0.204768241	0.21685244	0.202485529	0.23385688	0.2538939	0.462989583	0.446975107	0.466646083	0.136621605	0.095130762	0.03426703	0.037911505	0.036133977	0.212498591	0.037279659	0.034611137	0.038211001	0.03848775	0.033559991	0.03653922	0.038668172	0.03207695	0.032426307	0.171692312	0.224598555	0.187235662	0.010946345	0.019429237	0.179519102	0.177251002	0.021139918	0.010854101	0.008742571	0.017161644	0.012528661	0.022197359	0.049027355	0.041604865	0.034739949	0.059749977	0.031639105	0.073211416	0.015397852	0.02608769	0.039141564	0.05451986	0.074309854	0.150948611	0.078772979	0.022297408	0.008590433	0.015532194	0.016566217	0.021596003	0.01452705	0.015790757	0.176777934	0.020970329	0.026567226	0.016610151	0.017546045	0.04990651
1154	0.060949412	0.067171846	0.059437415	0.084667239	0.078522567	0.078541912	0.056999188	0.052148786	0.037509384	0.136290913	0.222845181	0.061748863	0.083031359	0.073695877	0.095142878	0.060373043	0.0	0.016214146	0.092381465	0.058012895	0.016361307	0.233229041	0.039108596	0.029780634	0.031591659	0.030961526	0.028978699	0.24838951	0.257089995	0.237028336	0.268345733	0.296735449	0.471216464	0.469031182	0.47286527	0.168681362	0.075665267	0.032263785	0.029600284	0.030375904	0.247641206	0.03145344	0.032808436	0.02936879	0.030175375	0.033070388	0.030948537	0.028345959	0.033592685	0.035796828	0.211720043	0.266733684	0.227672339	0.052554022	0.044792218	0.209209623	0.206400629	0.044067185	0.052498586	0.05424103	0.045431139	0.050686902	0.063968634	0.095866386	0.077684994	0.038277728	0.024946678	0.073522212	0.106970327	0.053187971	0.038819751	0.025767409	0.055715381	0.109438009	0.185080392	0.120917578	0.063795533	0.056785956	0.053000577	0.04683977	0.06249325	0.054291869	0.060328018	0.216292297	0.070597292	0.063992269	0.060749266	0.048836026	0.093082731
1156	0.060037122	0.061761118	0.058381785	0.079564717	0.073493887	0.073367416	0.051382622	0.0471967	0.033388552	0.128872103	0.215782199	0.057569703	0.077991149	0.069110565	0.089562108	0.054979657	0.016214146	0.0	0.086776309	0.052346831	0.018368173	0.231542339	0.041418484	0.029028404	0.031654201	0.030673716	0.028866251	0.240165696	0.249667349	0.22921671	0.262462393	0.290612451	0.469534002	0.467054482	0.470869186	0.162290246	0.074045847	0.029762079	0.028726028	0.028334128	0.239927782	0.03155519	0.030876066	0.027996236	0.030001685	0.03024898	0.030791577	0.027279145	0.030020397	0.035747206	0.201982901	0.259041838	0.219240645	0.04727157	0.039842828	0.206478211	0.202218743	0.038919739	0.0474435	0.049269032	0.040196957	0.045495932	0.059295686	0.09107298	0.074945428	0.036764378	0.029931964	0.06866598	0.100769925	0.048849505	0.034759711	0.032346461	0.059387385	0.102914557	0.177620094	0.113638236	0.058790819	0.051399884	0.049890267	0.042111008	0.05762983	0.049979849	0.055285048	0.207214757	0.065673864	0.060356305	0.055322186	0.044644928	0.088285819
1151	0.115402969	0.026939915	0.104668906	0.010090168	0.021233562	0.015863261	0.040180761	0.043322471	0.059291293	0.081698134	0.15053443	0.035297722	0.016722534	0.021823556	0.015641521	0.034168404	0.092381465	0.086776309	0.0	0.042249094	0.099920386	0.176396004	0.111439327	0.068673835	0.068163912	0.068506341	0.070569882	0.172708587	0.185879252	0.171355961	0.211941578	0.223217046	0.483719317	0.467535323	0.487418401	0.115784083	0.125665064	0.065665932	0.069346657	0.067524493	0.182181319	0.068623891	0.065984593	0.069662799	0.069877808	0.064875239	0.068006506	0.070057448	0.063634842	0.063740427	0.142012474	0.192164135	0.15537747	0.042204115	0.050572595	0.148098462	0.145939984	0.052248462	0.042128689	0.039945939	0.048781768	0.043777495	0.030731309	0.028749107	0.021829921	0.058972049	0.091631815	0.022042959	0.052346002	0.041504628	0.0573486	0.070938866	0.059516102	0.05382386	0.130140883	0.057955407	0.031322292	0.039089413	0.042704576	0.048358279	0.034046123	0.040927946	0.034551685	0.149858642	0.026525943	0.035700002	0.034449877	0.048774399	0.02979866
1150	0.075725653	0.025401099	0.065599424	0.042077298	0.047999362	0.034805325	0.016357363	0.021695627	0.024828509	0.110826388	0.184187944	0.034970278	0.050605542	0.046196066	0.050695791	0.015636292	0.058012895	0.052346831	0.042249094	0.0	0.065599686	0.215403502	0.077435469	0.034181179	0.033889564	0.034550391	0.036123844	0.207527713	0.22143869	0.205322351	0.244240658	0.26157781	0.455033915	0.439275483	0.458676819	0.149788137	0.086933816	0.031304906	0.035518895	0.033418693	0.215249523	0.034287635	0.031691943	0.035147461	0.035529152	0.030576825	0.033891874	0.035883784	0.029631524	0.030961217	0.174274976	0.227520947	0.190057414	0.014175823	0.018943221	0.182335366	0.179801208	0.016384686	0.022968985	0.021230729	0.015803166	0.021048569	0.036421677	0.062648721	0.055211537	0.046224781	0.057909871	0.045350439	0.083825686	0.02797625	0.0232344	0.046385236	0.065513648	0.081398242	0.157650021	0.086560845	0.03662967	0.017481879	0.027766372	0.020737765	0.034845775	0.025738474	0.029230607	0.179467038	0.032873265	0.039441406	0.029655393	0.025837823	0.06391145
1153	0.050439059	0.074764637	0.048231962	0.092457966	0.086293638	0.086295903	0.064435163	0.059917955	0.045746205	0.14289685	0.22968521	0.070267572	0.090763434	0.081767954	0.102659439	0.068054368	0.016361307	0.018368173	0.099920386	0.065599686	0.0	0.23962389	0.037589117	0.041176545	0.04361337	0.042744711	0.040762362	0.253755389	0.263958278	0.243691269	0.275656428	0.30322489	0.482091457	0.479679923	0.483387343	0.174838783	0.064315724	0.042058174	0.040754225	0.040635027	0.253882401	0.043403411	0.043050567	0.040188789	0.041940902	0.042408641	0.04277655	0.039319662	0.04227964	0.047791049	0.216305134	0.272303715	0.232870364	0.060282551	0.052537187	0.214678318	0.21178927	0.051998052	0.060294535	0.062071463	0.052993794	0.058369071	0.072068619	0.103855013	0.087301735	0.046147965	0.025103689	0.081427273	0.114515192	0.061593176	0.047278182	0.03481117	0.055203544	0.116474822	0.191701583	0.127578061	0.071533156	0.064484607	0.062117828	0.054953827	0.070333649	0.06246903	0.068039601	0.222277982	0.078549547	0.072941418	0.068270283	0.057284707	0.10094768
448	0.242298217	0.198234691	0.244836712	0.178738372	0.189482476	0.185568175	0.212201807	0.212792597	0.228314921	0.125887468	0.052705	0.204141976	0.181875988	0.189873114	0.170858101	0.206701192	0.233229041	0.231542339	0.176396004	0.215403502	0.23962389	0.0	0.246638337	0.237761033	0.237071706	0.237697339	0.239532068	0.115492115	0.068102104	0.048068921	0.096058858	0.068238022	0.641814857	0.625601387	0.645641725	0.092323991	0.254751038	0.234842066	0.238542743	0.237036279	0.063501375	0.237363997	0.234892209	0.238565681	0.23862696	0.233694529	0.237110612	0.239301882	0.233079892	0.232630565	0.255490314	0.073420413	0.16392638	0.214650077	0.221247061	0.06812774	0.065618836	0.223003876	0.212126289	0.209872237	0.219046968	0.214462517	0.198767627	0.168250719	0.187033761	0.198954739	0.230095649	0.191458733	0.162286638	0.211307764	0.22613537	0.211646374	0.19978727	0.160855956	0.149829875	0.169136473	0.200405038	0.211074047	0.211448072	0.217680107	0.203962323	0.209749806	0.204214099	0.082853822	0.195535099	0.204856514	0.205155987	0.218018565	0.17079398
833	0.04961944	0.087097004	0.054676793	0.105153981	0.100471109	0.098807026	0.076169442	0.073754878	0.062015972	0.152144537	0.237082207	0.085408155	0.103778971	0.095062293	0.114876942	0.079904295	0.039108596	0.041418484	0.111439327	0.077435469	0.037589117	0.246638337	0.0	0.060127146	0.064928193	0.064451814	0.062483279	0.257691998	0.270837565	0.249642254	0.284723185	0.310040949	0.490949788	0.48842551	0.492311856	0.184559776	0.069406277	0.058408329	0.062540218	0.060488216	0.257945536	0.065645662	0.060584106	0.059667276	0.064157225	0.06165639	0.064692497	0.060461237	0.060629575	0.069999562	0.220205687	0.27808134	0.237055409	0.07265183	0.067779806	0.220704065	0.216574257	0.065155907	0.073253942	0.0750536	0.065870211	0.071509518	0.085183068	0.116782212	0.10276795	0.063626638	0.036716926	0.094591076	0.127453113	0.075112645	0.062824281	0.057987059	0.056068399	0.127364387	0.197326304	0.137112224	0.085413703	0.076985156	0.078342087	0.068677066	0.085634072	0.078332145	0.081458454	0.226371151	0.091553996	0.088213735	0.081274236	0.07334903	0.113847169
836	0.07663816	0.04489177	0.075001101	0.061061889	0.053556013	0.054653706	0.035571942	0.02609843	0.010140196	0.130695207	0.213410597	0.034661669	0.058398667	0.049481523	0.071186376	0.037237053	0.029780634	0.029028404	0.068673835	0.034181179	0.041176545	0.237761033	0.060127146	0.0	0.005617889	0.005012562	0.003338341	0.239859204	0.250563535	0.237050526	0.262608955	0.287291059	0.449260076	0.446561772	0.450733408	0.159678802	0.091108639	0.003816897	0.003794094	0.003296886	0.24577253	0.006429316	0.003789926	0.002054296	0.004933041	0.005814112	0.005570987	0.003154365	0.005630075	0.01114095	0.206664409	0.258613694	0.222698437	0.030206036	0.019317618	0.214579965	0.212272851	0.021522505	0.028297074	0.030016972	0.021911953	0.026071824	0.04206245	0.073289766	0.054344176	0.044767278	0.04376002	0.048696918	0.093150613	0.028734227	0.012443951	0.041291449	0.071763819	0.101255327	0.179678684	0.111503046	0.040731133	0.033086472	0.027075523	0.02205307	0.035761766	0.028639899	0.035319762	0.211279297	0.044681058	0.038696091	0.03533275	0.02182539	0.070175763
837	0.081070297	0.044457559	0.077937364	0.060457494	0.053122912	0.054200689	0.035095549	0.025539643	0.010007247	0.130154204	0.212880336	0.034144326	0.05781308	0.048854336	0.070766521	0.036837338	0.031591659	0.031654201	0.068163912	0.033889564	0.04361337	0.237071706	0.064928193	0.005617889	0.0	0.002243993	0.003764442	0.239345925	0.249889192	0.236397399	0.26190241	0.286380152	0.449300757	0.444995923	0.452680597	0.159048861	0.092195814	0.00754539	0.004390349	0.005931859	0.245028597	0.001741747	0.005391575	0.006035895	0.002525924	0.005101329	0.002247602	0.005412674	0.005992316	0.006708527	0.206192858	0.257897077	0.222142246	0.029747785	0.018945451	0.214064872	0.211743592	0.021131128	0.027752725	0.029555387	0.021613102	0.025646249	0.041499073	0.072741999	0.053430927	0.044223699	0.040270445	0.048162899	0.09264821	0.028068938	0.012526266	0.038228122	0.07129618	0.100542354	0.178891655	0.111042175	0.040064718	0.032436081	0.026418826	0.021419675	0.035260425	0.028108728	0.034867539	0.21060436	0.044011121	0.038151138	0.034888275	0.021194143	0.06965727
838	0.080691114	0.044714402	0.077724501	0.060939111	0.053405047	0.054486366	0.035572454	0.02601276	0.010651644	0.130791675	0.213247987	0.034685559	0.058267517	0.049347301	0.071029934	0.037207433	0.030961526	0.030673716	0.068506341	0.034550391	0.042744711	0.237697339	0.064451814	0.005012562	0.002243993	0.0	0.002700315	0.23966481	0.250494215	0.237003094	0.262565451	0.287131909	0.44978061	0.4464773	0.452826524	0.159608504	0.092227163	0.006885277	0.002869792	0.004872778	0.24564436	0.002587748	0.004800234	0.005489792	0.001889817	0.005844076	0.001798639	0.004567137	0.005831241	0.00673715	0.206469571	0.25832434	0.222454525	0.03008929	0.019269526	0.214388053	0.212175229	0.021989355	0.027993522	0.029957056	0.022102549	0.02600074	0.041737176	0.073139076	0.05387817	0.045066162	0.040365216	0.048428476	0.093103487	0.028482567	0.013257843	0.038710899	0.072378749	0.101074055	0.17968404	0.111398512	0.040404611	0.032890454	0.026962417	0.022064316	0.035540842	0.028739393	0.03519133	0.211209855	0.044437166	0.038660301	0.035172376	0.021719294	0.070028931
839	0.078744075	0.046711809	0.076949272	0.062859134	0.055470836	0.056477779	0.037399817	0.027904249	0.012210207	0.132762802	0.215158838	0.036653954	0.060220996	0.051309334	0.073038151	0.039172112	0.028978699	0.028866251	0.070569882	0.036123844	0.040762362	0.239532068	0.062483279	0.003338341	0.003764442	0.002700315	0.0	0.241668331	0.252314474	0.238847537	0.264406826	0.288846556	0.450593371	0.447762811	0.451856975	0.161551263	0.09296507	0.005676208	0.002119001	0.003799597	0.247471093	0.003823039	0.005646841	0.003529071	0.0026093	0.007011177	0.003550544	0.002900642	0.007720516	0.008849065	0.208467434	0.260243121	0.22449851	0.032041167	0.021295687	0.216340606	0.214042418	0.023596902	0.030034649	0.031865251	0.023872842	0.027992077	0.043844173	0.075097363	0.055815125	0.046811331	0.042244301	0.050437009	0.09497956	0.030446466	0.014583824	0.040403966	0.073666916	0.103068524	0.181544393	0.113400397	0.042465878	0.034879729	0.028880002	0.023835215	0.037570679	0.030647864	0.037231475	0.213044462	0.046447169	0.040528602	0.037165019	0.023531583	0.07206377
429	0.251907906	0.196418662	0.246327345	0.180247065	0.188713615	0.186717202	0.205850988	0.21473728	0.230497294	0.137088727	0.096189787	0.206405425	0.183266991	0.192123739	0.170654622	0.204768241	0.24838951	0.240165696	0.172708587	0.207527713	0.253755389	0.115492115	0.257691998	0.239859204	0.239345925	0.23966481	0.241668331	0.0	0.121264665	0.08473528	0.153539259	0.158730011	0.614104466	0.597842396	0.617848508	0.131049338	0.266562425	0.236946699	0.240544094	0.239020268	0.115565574	0.239689522	0.237146424	0.240730914	0.240950579	0.235969656	0.239332281	0.241430855	0.234960017	0.23461471	0.158400269	0.064655962	0.059968705	0.212119256	0.221841824	0.067421807	0.072366977	0.220713301	0.21292076	0.211063636	0.219362215	0.214929832	0.199640928	0.167959836	0.188455726	0.215004684	0.244054236	0.192640024	0.158376203	0.212198693	0.228543003	0.227657635	0.211853307	0.159425831	0.17531529	0.151353092	0.200889231	0.208337362	0.214022835	0.219645278	0.204971076	0.212239335	0.20602621	0.109530207	0.197628632	0.207001271	0.205677194	0.219929194	0.171582413
1018	0.271551783	0.209005507	0.260871328	0.191667174	0.202758684	0.198400811	0.219207705	0.225555995	0.241113911	0.14890312	0.077419912	0.217077836	0.194111622	0.20276751	0.182977635	0.21685244	0.257089995	0.249667349	0.185879252	0.22143869	0.263958278	0.068102104	0.270837565	0.250563535	0.249889192	0.250494215	0.252314474	0.121264665	0.0	0.050241803	0.03784536	0.050037006	0.658807231	0.642533625	0.662614267	0.144638501	0.281916516	0.24768907	0.251348029	0.249877715	0.113380493	0.250155681	0.247753413	0.251386261	0.251485888	0.246670307	0.249879928	0.252166002	0.245746974	0.245513341	0.263216856	0.071446639	0.173824522	0.224985149	0.234039349	0.104148808	0.109396242	0.231282032	0.224667429	0.222420915	0.2314963	0.227119875	0.211566715	0.178832203	0.200025479	0.223682523	0.254234721	0.204425261	0.168338902	0.224097594	0.23924573	0.236537772	0.221502264	0.174780768	0.194877503	0.174458981	0.213298192	0.221404163	0.2244249	0.230174877	0.216654775	0.222770204	0.217388937	0.12854308	0.208227477	0.218175278	0.217640233	0.231068187	0.182917304
1019	0.244623084	0.194762044	0.236744805	0.177706877	0.189356071	0.184286862	0.205563336	0.211878012	0.227613124	0.128974351	0.061722081	0.203558797	0.180087677	0.189257653	0.168989674	0.202485529	0.237028336	0.22921671	0.171355961	0.205322351	0.243691269	0.048068921	0.249642254	0.237050526	0.236397399	0.237003094	0.238847537	0.08473528	0.050241803	0.0	0.080986247	0.092818549	0.62392915	0.607835726	0.62781891	0.130020616	0.257826019	0.234181059	0.23790078	0.236309658	0.090110478	0.236679368	0.23430605	0.237902872	0.238063247	0.23304617	0.236414159	0.238625519	0.232268631	0.23202355	0.223087721	0.043132004	0.133617873	0.210788208	0.22003424	0.062341805	0.074133149	0.217595557	0.210779252	0.208443578	0.217469939	0.212914056	0.19777272	0.16518695	0.185600568	0.20431681	0.233829048	0.190699764	0.154749945	0.210466089	0.225523215	0.215924669	0.201110935	0.156662875	0.17365267	0.153775978	0.199401727	0.207453746	0.210727417	0.21656209	0.202761572	0.209105871	0.203314196	0.105992603	0.194570456	0.202039755	0.203720456	0.216888894	0.169155221
1016	0.287481889	0.224746703	0.283624084	0.211817238	0.215135786	0.217827585	0.232898829	0.237854725	0.253151695	0.16462117	0.104033698	0.22903024	0.206111904	0.214916104	0.201485235	0.23385688	0.268345733	0.262462393	0.211941578	0.244240658	0.275656428	0.096058858	0.284723185	0.262608955	0.26190241	0.262565451	0.264406826	0.153539259	0.03784536	0.080986247	0.0	0.040517446	0.686353497	0.670064111	0.690153273	0.158931693	0.298164634	0.259762788	0.263485131	0.262146935	0.141327075	0.262217099	0.259834783	0.263476931	0.263497616	0.258644207	0.26189922	0.264268384	0.257867738	0.257704553	0.295109236	0.103807747	0.204771236	0.237564839	0.246195369	0.13627401	0.13947355	0.24312799	0.236966055	0.234682859	0.243620222	0.239485681	0.224076263	0.191143089	0.211659775	0.235281451	0.265999477	0.216464863	0.1823806	0.236454996	0.251052774	0.247675686	0.233229408	0.190289612	0.210791967	0.192705251	0.225429222	0.234566645	0.236648508	0.242454351	0.228981259	0.234503158	0.229596105	0.15388278	0.221963933	0.229708468	0.229809393	0.242590441	0.19476343
1017	0.302647483	0.245864973	0.305281172	0.22863062	0.239401498	0.235458299	0.258796791	0.262528499	0.277915343	0.174064002	0.096524388	0.253570242	0.231142588	0.239724374	0.219767305	0.2538939	0.296735449	0.290612451	0.223217046	0.26157781	0.30322489	0.068238022	0.310040949	0.287291059	0.286380152	0.287131909	0.288846556	0.158730011	0.050037006	0.092818549	0.040517446	0.0	0.690137703	0.673859497	0.693765969	0.143704985	0.3154834	0.284230914	0.288115073	0.286796395	0.116522557	0.286654233	0.284300329	0.287933465	0.288016418	0.283238221	0.286744794	0.289019578	0.282583434	0.282221079	0.304008884	0.101341317	0.211893628	0.262061315	0.271084133	0.127149682	0.124566404	0.269569456	0.261626969	0.259423053	0.268313696	0.263905255	0.248849447	0.215780389	0.237153317	0.261124627	0.293911677	0.241303945	0.20928618	0.26117359	0.27586437	0.275381476	0.261360858	0.20791098	0.199865521	0.216219209	0.250305436	0.258402681	0.261621464	0.267259099	0.253636857	0.259436734	0.254006683	0.132910636	0.244967949	0.255011222	0.254573013	0.267914835	0.21967862
424	0.498120926	0.470869036	0.488485593	0.483178337	0.488510791	0.477428266	0.465575332	0.46253639	0.448732634	0.555680141	0.622211699	0.472529583	0.493718173	0.488002199	0.49470423	0.462989583	0.471216464	0.469534002	0.483719317	0.455033915	0.482091457	0.641814857	0.490949788	0.449260076	0.449300757	0.44978061	0.450593371	0.614104466	0.658807231	0.62392915	0.686353497	0.690137703	0.0	0.017476734	0.011998632	0.583885536	0.508083531	0.448300141	0.451573526	0.451117068	0.644665072	0.449922796	0.448018736	0.450184304	0.449815541	0.44958811	0.450245367	0.451819669	0.450001337	0.455132598	0.506943621	0.64376467	0.573097767	0.460317032	0.457018146	0.597225761	0.605996779	0.460765561	0.466461204	0.464660932	0.455314763	0.464100922	0.478957168	0.507323246	0.492356612	0.48224359	0.480820976	0.487736126	0.530172725	0.469670893	0.449669765	0.480672605	0.504277121	0.528687163	0.589637852	0.5329835	0.477860249	0.462775672	0.464442627	0.46306084	0.473383064	0.463952347	0.471012632	0.614877301	0.473802808	0.478462757	0.472621218	0.462958602	0.507466957
427	0.49545775	0.454852002	0.485663497	0.467043667	0.472441591	0.461352956	0.449558124	0.446631272	0.441901786	0.539571077	0.606063545	0.456513735	0.477636659	0.471860041	0.47865505	0.446975107	0.469031182	0.467054482	0.467535323	0.439275483	0.479679923	0.625601387	0.48842551	0.446561772	0.444995923	0.4464773	0.447762811	0.597842396	0.642533625	0.607835726	0.670064111	0.673859497	0.017476734	0.0	0.02584596	0.567675492	0.505301565	0.445517917	0.448658942	0.44827132	0.628437302	0.445380054	0.444922058	0.44753094	0.446814791	0.445016848	0.446433009	0.449130211	0.446334733	0.443086734	0.490611211	0.627513964	0.556723477	0.444346968	0.441185798	0.580909767	0.589623975	0.445321019	0.4504729	0.448652234	0.440313015	0.44809906	0.46285171	0.491226868	0.476493444	0.466503296	0.47032702	0.47163557	0.513968287	0.453607665	0.440861691	0.464872945	0.488278099	0.512560059	0.57359898	0.51704275	0.461775167	0.446747228	0.448431449	0.447180744	0.457357782	0.448063077	0.454986542	0.598751985	0.457815444	0.462614561	0.456608036	0.446965828	0.491404967
426	0.499422376	0.474547402	0.489736201	0.486759795	0.492154339	0.48109573	0.469279238	0.46615925	0.45254043	0.559556065	0.626033545	0.476223409	0.497421063	0.491604509	0.498456294	0.466646083	0.47286527	0.470869186	0.487418401	0.458676819	0.483387343	0.645641725	0.492311856	0.450733408	0.452680597	0.452826524	0.451856975	0.617848508	0.662614267	0.62781891	0.690153273	0.693765969	0.011998632	0.02584596	0.0	0.587666402	0.511114147	0.449742701	0.45304739	0.452638546	0.64835918	0.453459622	0.450370344	0.45151386	0.452251505	0.453163912	0.453431251	0.453176927	0.453313675	0.458649498	0.510664121	0.647624318	0.576810075	0.464087172	0.460735992	0.600891933	0.609684485	0.464468145	0.47008483	0.46833902	0.458993757	0.467794036	0.482646076	0.51094211	0.496307384	0.485786218	0.484456766	0.491390826	0.533703909	0.473325781	0.453483209	0.484443385	0.507978493	0.532351525	0.593516162	0.536886546	0.481527399	0.466285886	0.468330921	0.466756488	0.47713978	0.467593407	0.474694596	0.618605131	0.477520366	0.482416945	0.476257194	0.466672228	0.511165217
449	0.18248145	0.128114292	0.191720885	0.112027277	0.111057165	0.118637744	0.137787884	0.135285918	0.15036283	0.049653271	0.085105353	0.126165957	0.104469259	0.111759627	0.102809238	0.136621605	0.168681362	0.162290246	0.115784083	0.149788137	0.174838783	0.092323991	0.184559776	0.159678802	0.159048861	0.159608504	0.161551263	0.131049338	0.144638501	0.130020616	0.158931693	0.143704985	0.583885536	0.567675492	0.587666402	0.0	0.196043975	0.157065231	0.160568992	0.159277874	0.092854956	0.159415678	0.156865226	0.16058401	0.160638133	0.156025588	0.158991005	0.161355797	0.155088031	0.15459858	0.203133955	0.145209724	0.116234917	0.140035	0.143626896	0.086375611	0.077382701	0.145510251	0.134638196	0.132381996	0.142492939	0.136825692	0.120640362	0.090768122	0.109497828	0.133421104	0.16554293	0.11383601	0.083424263	0.133654079	0.148666589	0.147279125	0.136432839	0.084201137	0.072348532	0.09657871	0.122267067	0.137954242	0.133862369	0.139824302	0.12653363	0.132060025	0.126545592	0.057101787	0.122807632	0.127640229	0.128302822	0.140542696	0.093457773
1138	0.034107723	0.102148173	0.031176932	0.123223658	0.123561502	0.116077585	0.088755391	0.097160087	0.086823569	0.1542229	0.23831959	0.109740622	0.12542054	0.12039527	0.131345745	0.095130762	0.075665267	0.074045847	0.125665064	0.086933816	0.064315724	0.254751038	0.069406277	0.091108639	0.092195814	0.092227163	0.09296507	0.266562425	0.281916516	0.257826019	0.298164634	0.3154834	0.508083531	0.505301565	0.511114147	0.196043975	0.0	0.088281352	0.092644049	0.090897585	0.257852731	0.093055479	0.088831611	0.091616661	0.092407498	0.089015643	0.092132442	0.092722014	0.08803532	0.097321231	0.227641696	0.282012215	0.244828054	0.088467285	0.092555355	0.220966714	0.216566536	0.086663188	0.097876943	0.096211139	0.085634268	0.096449575	0.109519669	0.135714073	0.128824255	0.089535771	0.067178997	0.120268179	0.147822644	0.102007342	0.087147346	0.084663136	0.083062396	0.129864422	0.195693081	0.145393501	0.110362478	0.091455615	0.102456728	0.095143023	0.110152283	0.100227728	0.104132089	0.224791088	0.109112679	0.114578856	0.104717899	0.100650993	0.137451556
