	1142	1143	1141	1146	1147	1144	1145	762	763	760	761	766	764	765	1148	1149	1154	1156	1151	1150	1153	1152	448	833	836	837	838	839	429	1018	1019	1016	1017	424	427	426	449	1138	442	441	440	447	844	843	842	841	439	436	437	434	435	432	430	431	458	459	450	451	452	453	454	455	456	457	1038	1039	1032	1033	1030	1031	1036	1037	1034	1035	757	759	758	461	460	1025	1024	1027	1026	1021	1020	1023	1022	1029	1028	1040
1142	0.0	0.079555651	0.018381603	0.098124426	0.101410911	0.092667097	0.069019902	0.074226885	0.06567561	0.124770982	0.203440262	0.086414422	0.10090363	0.092717143	0.10748284	0.072229315	0.052736406	0.048128936	0.100102044	0.064274908	0.044185224	0.126194309	0.217739205	0.036467031	0.06483055	0.067547152	0.068245631	0.067246244	0.225366617	0.245227759	0.219336159	0.266796141	0.274952148	0.383162134	0.382334586	0.383225623	0.163138896	0.028511561	0.06324362	0.067035469	0.065192832	0.216774098	0.069382205	0.065183351	0.064496628	0.067970754	0.066588823	0.067455093	0.066226858	0.064987867	0.074302866	0.176691189	0.245984556	0.201939132	0.066935093	0.070095837	0.184246523	0.182421216	0.065002448	0.075749047	0.074658533	0.064092804	0.071943785	0.087558884	0.108478037	0.102199367	0.06949247	0.046833527	0.093779363	0.121419351	0.078005446	0.064875384	0.065635655	0.062578488	0.108562716	0.151707377	0.114010713	0.087002401	0.069730136	0.079054241	0.071838083	0.085135929	0.078975559	0.081009676	0.181004366	0.088178119	0.09099224	0.081157561	0.07832041	0.112523799
1143	0.079555651	0.0	0.073310294	0.022300627	0.029052458	0.015742622	0.014518059	0.017267012	0.032056799	0.088334701	0.158759493	0.015428965	0.029089091	0.021439688	0.031064265	0.011627232	0.057923615	0.054953869	0.024182699	0.019574317	0.062523301	0.054964228	0.178443084	0.073683422	0.041180611	0.041138679	0.040910378	0.043500165	0.182115572	0.198109066	0.18128241	0.216331696	0.226869385	0.380198985	0.366134897	0.382819512	0.116698207	0.086884368	0.038387437	0.041927864	0.040073061	0.181946643	0.04057121	0.0385269	0.041397145	0.042360797	0.037465108	0.040198752	0.042965677	0.036921876	0.035876517	0.144524098	0.201189255	0.162755463	0.016312808	0.022156236	0.15555269	0.155458205	0.026752553	0.01537428	0.015568592	0.021361609	0.016894984	0.014181309	0.03755	0.029420516	0.027574525	0.0556091	0.020634996	0.060746428	0.017074317	0.032098665	0.037460364	0.038463227	0.063869837	0.11732561	0.065864888	0.013711526	0.014640601	0.017634526	0.02406246	0.012532598	0.015095066	0.012034549	0.150552809	0.01729559	0.018452507	0.011801898	0.023444175	0.041232118
1141	0.018381603	0.073310294	0.0	0.091064449	0.099426104	0.086053622	0.067288203	0.071978948	0.063854451	0.131843655	0.204980053	0.084069889	0.098737333	0.09077555	0.101360931	0.06814415	0.053194361	0.048680243	0.093510765	0.058439855	0.044227339	0.124058624	0.219831246	0.039404164	0.064762899	0.065848525	0.066670674	0.067275983	0.222548032	0.23878248	0.21455793	0.264700286	0.277024043	0.379515543	0.378093929	0.380481198	0.169331213	0.02794826	0.062271471	0.066497644	0.064414197	0.218643151	0.067710638	0.063134282	0.064681925	0.066541325	0.064404986	0.065802842	0.066466943	0.063325	0.072260445	0.173767358	0.246120291	0.198997831	0.064894462	0.067979074	0.18718446	0.187280025	0.063481663	0.073873162	0.072666692	0.061838645	0.069804772	0.085733245	0.1065916	0.100217168	0.068405025	0.044865374	0.091797372	0.118864474	0.075946125	0.062927839	0.063571036	0.060484165	0.113715043	0.156602468	0.11349709	0.08517802	0.067625315	0.076974896	0.069809876	0.083206574	0.076704918	0.078774387	0.185236597	0.086134226	0.088711395	0.079191718	0.076545421	0.110530132
1146	0.098124426	0.022300627	0.091064449	0.0	0.013708619	0.009038687	0.034882578	0.032856509	0.047821484	0.073091364	0.14202847	0.026342028	0.01072006	0.015639529	0.014339702	0.029380965	0.074261386	0.0715505	0.009542944	0.038459424	0.079086634	0.036946081	0.160709195	0.090500463	0.056714708	0.056662564	0.056494527	0.059101882	0.167024681	0.181329693	0.164811063	0.200470875	0.21012708	0.395144618	0.380893354	0.397588513	0.09909351	0.105040903	0.053970856	0.057585061	0.055817532	0.165377728	0.056157277	0.054057233	0.056965754	0.058012984	0.052999607	0.055860861	0.05857357	0.052609371	0.051241724	0.130658169	0.186596036	0.14821223	0.036145577	0.038732445	0.139255629	0.13945467	0.044530048	0.031665059	0.031835909	0.038858468	0.032884381	0.022803162	0.020728777	0.012876381	0.044170206	0.072379975	0.016909677	0.045292495	0.032721076	0.047907272	0.053396351	0.04687622	0.048478358	0.102114713	0.050903051	0.022629199	0.033288706	0.033091589	0.039571637	0.027194271	0.030759013	0.027532928	0.13489503	0.017889109	0.027566078	0.027930365	0.03923734	0.022922749
1147	0.101410911	0.029052458	0.099426104	0.013708619	0.0	0.016445494	0.034436261	0.031400412	0.045137263	0.073540133	0.150124113	0.024021955	0.010999533	0.01268052	0.019212357	0.033298898	0.072720165	0.070372949	0.017146331	0.044350649	0.077438321	0.0367764	0.169467176	0.08951591	0.054011917	0.053877337	0.053744266	0.056409029	0.171562954	0.189804668	0.172985864	0.204143474	0.219289723	0.403013341	0.388639777	0.405300344	0.098778989	0.107046016	0.051342237	0.054515798	0.052622741	0.175097557	0.05342094	0.051592032	0.054246449	0.055157675	0.050500386	0.052928082	0.055782359	0.049506428	0.047802791	0.137403072	0.192975413	0.153138531	0.037183854	0.034794226	0.14559207	0.146196195	0.044030831	0.029715392	0.029522936	0.040611873	0.032811536	0.018834125	0.023677834	0.01105521	0.042383759	0.070443836	0.013159742	0.045731552	0.030657875	0.045954187	0.051980934	0.046602641	0.051548541	0.108969588	0.054851444	0.01880233	0.035422961	0.030373192	0.038590152	0.024005364	0.029150712	0.025547359	0.144522087	0.019319686	0.025020799	0.025145778	0.036301473	0.021519382
1144	0.092667097	0.015742622	0.086053622	0.009038687	0.016445494	0.0	0.028884843	0.02631619	0.041483297	0.078255253	0.147815425	0.020001513	0.015933365	0.009089562	0.019557771	0.023666822	0.068516425	0.065642597	0.013409277	0.031994341	0.073165945	0.042154538	0.166535338	0.084891002	0.050563125	0.050468777	0.050282942	0.052887031	0.172757752	0.18723951	0.170512288	0.206017418	0.215967537	0.389779363	0.375570387	0.392324324	0.104686677	0.099752534	0.047786143	0.051197066	0.049329191	0.171293943	0.049898456	0.047984134	0.050757727	0.051715935	0.046877266	0.049441958	0.052342389	0.046139842	0.044925309	0.135856036	0.192085311	0.153448589	0.029538458	0.032231754	0.145006592	0.144766519	0.038472949	0.02491373	0.025220418	0.032253331	0.0262668	0.015720221	0.026084284	0.017141884	0.038089069	0.0661526	0.010132462	0.050639896	0.026859075	0.041775915	0.0478955	0.041004119	0.054241121	0.107870696	0.056195628	0.015888758	0.027158431	0.026830318	0.033618626	0.020675738	0.024696896	0.021358211	0.140215169	0.011897998	0.021457745	0.021205186	0.032628507	0.028208092
1145	0.069019902	0.014518059	0.067288203	0.034882578	0.034436261	0.028884843	0.0	0.009480211	0.023296298	0.092425232	0.169439882	0.022276288	0.036065802	0.028042381	0.043141838	0.007990905	0.047905794	0.044824472	0.036037474	0.014071478	0.052455492	0.062574897	0.190809405	0.062832241	0.032188082	0.03210407	0.031842473	0.034461094	0.190854613	0.208209581	0.191391201	0.222738251	0.23795858	0.377479472	0.363345264	0.380011731	0.122791468	0.074967805	0.029433574	0.033057213	0.031145792	0.192278144	0.031568557	0.029827861	0.032337946	0.033417618	0.028546299	0.031241645	0.033909042	0.027847035	0.027026484	0.153044385	0.210376962	0.17173278	0.008553437	0.012997017	0.165438333	0.165280614	0.017040872	0.009727065	0.008034709	0.013682596	0.008445919	0.020321406	0.044887509	0.036058893	0.026678928	0.045876667	0.027095123	0.065407283	0.01241813	0.023596614	0.027619343	0.043509174	0.067928792	0.124873303	0.071371693	0.020359957	0.006734844	0.014339881	0.014823219	0.019155987	0.015451031	0.015510184	0.1610161	0.025283069	0.025370122	0.014662825	0.01520985	0.047978109
762	0.074226885	0.017267012	0.071978948	0.032856509	0.031400412	0.02631619	0.009480211	0.0	0.016031357	0.096089037	0.172534151	0.014225853	0.030958855	0.022223074	0.043363277	0.009622188	0.045494415	0.043030633	0.038238713	0.017098573	0.050391579	0.061114806	0.19061758	0.063159992	0.024898667	0.024760853	0.024629634	0.027344761	0.197956708	0.211785594	0.195306554	0.22472597	0.240255671	0.375094973	0.361000025	0.377580382	0.120941907	0.079573214	0.022182893	0.025756594	0.023816113	0.195291395	0.024299402	0.022331168	0.025102983	0.026035467	0.021160202	0.023893166	0.026716847	0.020642508	0.019843277	0.16018253	0.217058671	0.178584113	0.011687246	0.009119428	0.17003855	0.170180937	0.014768085	0.00480498	0.00425736	0.013164569	0.004616202	0.018680963	0.043096836	0.030863	0.023446173	0.04347424	0.022302336	0.066963472	0.006976101	0.016370249	0.025858734	0.042719567	0.070365785	0.1276429	0.07607802	0.016601434	0.007971559	0.006478072	0.009847538	0.01251127	0.00771479	0.008871925	0.164624317	0.020274952	0.018201105	0.009462378	0.008583191	0.043272258
763	0.06567561	0.032056799	0.063854451	0.047821484	0.045137263	0.041483297	0.023296298	0.016031357	0.0	0.110878254	0.187573138	0.0237929	0.04586026	0.035967197	0.058529492	0.024528341	0.03173103	0.029940012	0.05344348	0.01927244	0.036827784	0.076245429	0.205146747	0.051772223	0.009819438	0.01018854	0.009930501	0.012846102	0.213033977	0.226503419	0.210189191	0.239220575	0.25479741	0.364288584	0.357323484	0.366917047	0.135333894	0.071272989	0.00765061	0.011342429	0.009504436	0.209829072	0.009660405	0.007732917	0.010215716	0.011223224	0.006893545	0.009500499	0.011885232	0.006552907	0.010066996	0.174919365	0.231916404	0.193627394	0.018164647	0.011681529	0.184918489	0.18516251	0.010582304	0.018300933	0.018643903	0.01200798	0.016470579	0.03085199	0.058020793	0.041332167	0.032001428	0.031024229	0.034716571	0.079198337	0.01830267	0.003892774	0.031013049	0.05317503	0.08503539	0.142101419	0.091149049	0.029253331	0.019561664	0.017186131	0.013104317	0.023271499	0.019054585	0.021728788	0.179337466	0.034144569	0.029316694	0.022238153	0.014522022	0.056358467
760	0.124770982	0.088334701	0.131843655	0.073091364	0.073540133	0.078255253	0.092425232	0.096089037	0.110878254	0.0	0.08573617	0.088918224	0.066734052	0.076563735	0.061976814	0.093369955	0.119225464	0.114915304	0.074398642	0.100142116	0.123171266	0.040512319	0.110272487	0.130926089	0.119897872	0.119843324	0.119925417	0.122726748	0.120435635	0.136991619	0.115021465	0.156567793	0.161962778	0.452106056	0.437997762	0.455074059	0.045354208	0.133565743	0.117648468	0.121007413	0.119039428	0.109488272	0.119318725	0.117403601	0.120224114	0.121084972	0.116460519	0.118908721	0.122067658	0.115657561	0.114269512	0.134878195	0.138130658	0.101213606	0.097230137	0.102131371	0.080886983	0.080515838	0.104887956	0.094909107	0.094795279	0.103650242	0.096806209	0.083785586	0.055193303	0.075091819	0.088520876	0.115248159	0.079564917	0.042342555	0.097231674	0.11127872	0.098366873	0.087070522	0.03797774	0.044308785	0.048909979	0.084778003	0.096268176	0.096366757	0.102893663	0.090728339	0.093938417	0.091179424	0.07608389	0.081147871	0.089323472	0.091425617	0.102896752	0.056832683
761	0.203440262	0.158759493	0.204980053	0.14202847	0.150124113	0.147815425	0.169439882	0.172534151	0.187573138	0.08573617	0.0	0.165464302	0.143127462	0.153039455	0.132680568	0.166851697	0.198953494	0.194964572	0.139576046	0.172213512	0.202925702	0.115479797	0.040934509	0.208113257	0.196564568	0.19644915	0.196317983	0.199011388	0.081484341	0.071938749	0.052717325	0.100471829	0.09171587	0.51377488	0.499528368	0.516630525	0.078008264	0.212270743	0.193894584	0.197379061	0.195416622	0.051175276	0.195833703	0.193849403	0.196755222	0.197658364	0.192858941	0.195444063	0.198415126	0.192247077	0.19068504	0.196525833	0.074837316	0.12118621	0.172711115	0.178569003	0.053259565	0.050280676	0.181667436	0.171457931	0.171572637	0.178612886	0.172808617	0.160608526	0.130952251	0.151180799	0.167236506	0.194131499	0.156124311	0.111518741	0.173553826	0.18756315	0.178163173	0.165509822	0.109031326	0.115277737	0.119328231	0.161269631	0.17133474	0.172557917	0.179297957	0.166924213	0.170386067	0.167316764	0.068925788	0.156453957	0.164626618	0.167821605	0.178903544	0.133088223
766	0.086414422	0.015428965	0.084069889	0.026342028	0.024021955	0.020001513	0.022276288	0.014225853	0.0237929	0.088918224	0.165464302	0.0	0.024091816	0.014070727	0.036837832	0.020478021	0.053316684	0.051627384	0.031894454	0.029778048	0.058854474	0.054565049	0.183201237	0.073469169	0.03205929	0.031931426	0.032132967	0.0349859	0.191410879	0.204715239	0.188449941	0.217448593	0.232744796	0.385130778	0.37107989	0.387703591	0.113341906	0.091472427	0.030011468	0.033488507	0.031557918	0.188152872	0.031566215	0.029454403	0.032430024	0.033195982	0.028685993	0.031077385	0.034306334	0.028549421	0.026755366	0.154269983	0.210087934	0.171930226	0.023863159	0.020363715	0.163199651	0.163456346	0.025023382	0.013721035	0.015188519	0.026129946	0.017234313	0.00968071	0.036388435	0.020318405	0.023361742	0.051365049	0.013479519	0.057771909	0.013151424	0.025402076	0.032997901	0.032769882	0.063494272	0.120757205	0.069693047	0.007909731	0.02049708	0.010889303	0.020042645	0.005385821	0.009127863	0.007905022	0.157675566	0.012666007	0.008093538	0.008790297	0.015605046	0.034770941
764	0.10090363	0.029089091	0.098737333	0.01072006	0.010999533	0.015933365	0.036065802	0.030958855	0.04586026	0.066734052	0.143127462	0.024091816	0.0	0.012474883	0.014337754	0.034361753	0.073153456	0.070992416	0.016527484	0.044660124	0.078205902	0.031899189	0.161209507	0.090637365	0.054597122	0.054500522	0.054436885	0.057150958	0.168850139	0.182452981	0.166226735	0.195606199	0.211032518	0.402671836	0.388402358	0.405183903	0.09213465	0.106098993	0.05210224	0.055490887	0.053541596	0.166823786	0.054013561	0.052094265	0.054891882	0.055850554	0.051002743	0.053550913	0.056587566	0.050617017	0.04900872	0.133099299	0.188203286	0.149636884	0.037922565	0.037443383	0.140647867	0.140833144	0.0430523	0.030506165	0.031094405	0.041174278	0.032244163	0.02116771	0.014579921	0.010365813	0.042825406	0.071052317	0.014411089	0.038309333	0.031778854	0.045981136	0.052739771	0.04516061	0.042260472	0.099702493	0.047435875	0.020842775	0.034750916	0.030981289	0.038071811	0.025276407	0.029019619	0.026118398	0.136303082	0.017520687	0.025573884	0.026351767	0.037180218	0.014398055
765	0.092717143	0.021439688	0.09077555	0.015639529	0.01268052	0.009089562	0.028042381	0.022223074	0.035967197	0.076563735	0.153039455	0.014070727	0.012474883	0.0	0.024755615	0.026369426	0.062883239	0.060509215	0.020625601	0.036285735	0.067826945	0.04205919	0.171264536	0.080763012	0.044587727	0.044388267	0.04429781	0.047073189	0.179143354	0.19253523	0.176282114	0.206164936	0.220837687	0.394655803	0.380409707	0.397170762	0.101024741	0.097907592	0.042162881	0.045376484	0.043430425	0.176828581	0.043741892	0.042172696	0.044711683	0.045648465	0.041053264	0.043330638	0.046440529	0.040429506	0.038761383	0.143118612	0.198303579	0.159847859	0.03014533	0.028273662	0.15074619	0.150987973	0.033386851	0.02055484	0.021555454	0.032883551	0.024033848	0.011465331	0.024691942	0.012102406	0.032319371	0.060616294	0.00533545	0.047312674	0.022107109	0.036041481	0.042281852	0.035950305	0.052422611	0.109870766	0.057967548	0.01074798	0.027237233	0.021066988	0.028617318	0.015448574	0.020014552	0.016172787	0.146346533	0.009901612	0.016218705	0.016915686	0.027357841	0.023225488
1148	0.10748284	0.031064265	0.101360931	0.014339702	0.019212357	0.019557771	0.043141838	0.043363277	0.058529492	0.061976814	0.132680568	0.036837832	0.014337754	0.024755615	0.0	0.038024783	0.08521928	0.082198316	0.017263096	0.046781138	0.089859024	0.025862421	0.152497763	0.100590507	0.067600638	0.067494788	0.067312405	0.06996267	0.156152393	0.172373371	0.155708247	0.191302813	0.201566562	0.407190394	0.392904866	0.409694967	0.089815276	0.114737233	0.064822246	0.068257289	0.066413828	0.15735869	0.067014361	0.065160885	0.067849198	0.068771712	0.063978321	0.066474347	0.06937885	0.063143735	0.061613542	0.121430841	0.176371434	0.137355584	0.044457097	0.048123587	0.129184997	0.129450216	0.054458706	0.041396989	0.041208799	0.048631628	0.043544203	0.031249354	0.012385467	0.022521119	0.054795484	0.082795511	0.025585525	0.035748299	0.043453386	0.058963254	0.064585181	0.056438994	0.0400707	0.093704789	0.041131655	0.031272011	0.04273792	0.043910533	0.050434073	0.036787403	0.041824881	0.037801372	0.126657914	0.027965065	0.037918476	0.037621631	0.049707874	0.013614051
1149	0.072229315	0.011627232	0.06814415	0.029380965	0.033298898	0.023666822	0.007990905	0.009622188	0.024528341	0.093369955	0.166851697	0.020478021	0.034361753	0.026369426	0.038024783	0.0	0.050683103	0.047797663	0.032003521	0.013100233	0.055384989	0.05933156	0.1866498	0.065893274	0.033596127	0.033588427	0.033399462	0.036040917	0.190084348	0.205874798	0.188841208	0.222068444	0.235114145	0.375940875	0.361744847	0.378427278	0.122365385	0.079843544	0.030845451	0.034504754	0.032555579	0.190186849	0.033132464	0.030966674	0.033877945	0.034920205	0.029960482	0.032681426	0.035461839	0.029326042	0.028103295	0.152690412	0.210026301	0.171055665	0.009773402	0.01486175	0.163011622	0.162873621	0.019656315	0.008736564	0.007718156	0.014896277	0.009580272	0.020489863	0.043477142	0.035307186	0.027209845	0.048578028	0.026281966	0.066425988	0.012155669	0.024625035	0.030147622	0.044476877	0.069776665	0.123619478	0.071184434	0.019497628	0.008812705	0.013045496	0.016086608	0.01817591	0.014044628	0.013745229	0.159004633	0.022544238	0.024045141	0.014055672	0.016485855	0.046326224
1154	0.052736406	0.057923615	0.053194361	0.074261386	0.072720165	0.068516425	0.047905794	0.045494415	0.03173103	0.119225464	0.198953494	0.053316684	0.073153456	0.062883239	0.08521928	0.050683103	0.0	0.011201542	0.07939926	0.045457538	0.013155184	0.102007477	0.209325427	0.033993197	0.024780824	0.025477628	0.025651663	0.023655686	0.220838577	0.234971021	0.213054825	0.250123369	0.268657802	0.36904727	0.368571026	0.369613483	0.147882762	0.061432193	0.026541082	0.024541917	0.024986332	0.21452572	0.026184635	0.027338997	0.024388118	0.024825906	0.027796049	0.025477131	0.02277739	0.027644423	0.031153966	0.179616335	0.241110688	0.199260324	0.044343167	0.040334115	0.185421427	0.186222578	0.035585266	0.046153575	0.046355429	0.039362982	0.044421405	0.056603686	0.083724151	0.067360197	0.033758894	0.020639839	0.062797483	0.095215287	0.0454122	0.0316283	0.024951973	0.048780772	0.097102742	0.148008337	0.102204919	0.056305069	0.046816568	0.045464357	0.038715985	0.052605273	0.047509191	0.050380642	0.184198036	0.062462271	0.055386604	0.051017611	0.041869848	0.082851367
1156	0.048128936	0.054953869	0.048680243	0.0715505	0.070372949	0.065642597	0.044824472	0.043030633	0.029940012	0.114915304	0.194964572	0.051627384	0.070992416	0.060509215	0.082198316	0.047797663	0.011201542	0.0	0.076634524	0.04262125	0.01263727	0.099063049	0.206999043	0.033049763	0.026404102	0.027757816	0.027916403	0.026409356	0.215496199	0.229576141	0.208443157	0.247205941	0.265775004	0.371724478	0.370941374	0.371847883	0.14531321	0.056629379	0.026800276	0.026287079	0.025665516	0.211256574	0.028762823	0.027976947	0.025481924	0.027445004	0.028608521	0.027061381	0.02406444	0.026363063	0.033528534	0.173102425	0.23790095	0.194011322	0.041529951	0.037679751	0.183679959	0.182537394	0.033157888	0.043480189	0.043427681	0.03642854	0.041770323	0.05397318	0.081213613	0.066691629	0.03358209	0.023367175	0.060293893	0.091286537	0.043207836	0.030644314	0.026823415	0.04891912	0.093694146	0.144742095	0.097355711	0.053684887	0.044331982	0.045008501	0.035817591	0.050238537	0.046438945	0.04777102	0.178724732	0.060678575	0.054018832	0.048096049	0.04078895	0.080254695
1151	0.100102044	0.024182699	0.093510765	0.009542944	0.017146331	0.013409277	0.036037474	0.038238713	0.05344348	0.074398642	0.139576046	0.031894454	0.016527484	0.020625601	0.017263096	0.032003521	0.07939926	0.076634524	0.0	0.0399752	0.084246974	0.041033147	0.158127849	0.094565293	0.06252691	0.062365106	0.062243383	0.064918238	0.160926499	0.177143387	0.159836841	0.203780413	0.210395096	0.392870694	0.378557874	0.395453389	0.103480234	0.107460829	0.059689388	0.063110133	0.061269032	0.162626986	0.061960519	0.059931379	0.062767022	0.06369075	0.058829197	0.061463709	0.064331652	0.058099447	0.056672004	0.124453781	0.180488216	0.141714558	0.037552261	0.043047329	0.134139395	0.134063316	0.04818376	0.036343087	0.036115763	0.043159016	0.038066051	0.026039388	0.025523283	0.018349195	0.049359514	0.077308495	0.020840703	0.048049029	0.03817668	0.053657638	0.058744361	0.05009514	0.05149367	0.104936739	0.052876763	0.026790521	0.036282376	0.038804751	0.045219475	0.032049783	0.036493801	0.032741416	0.13460732	0.022902111	0.032986864	0.032492333	0.044674862	0.028151265
1150	0.064274908	0.019574317	0.058439855	0.038459424	0.044350649	0.031994341	0.014071478	0.017098573	0.01927244	0.100142116	0.172213512	0.029778048	0.044660124	0.036285735	0.046781138	0.013100233	0.045457538	0.04262125	0.0399752	0.0	0.0502845	0.070254707	0.194447467	0.061381625	0.028112304	0.028145478	0.028147799	0.03097308	0.195216251	0.211295593	0.193625741	0.230444275	0.241611878	0.368239198	0.354299914	0.370737293	0.132029888	0.072070235	0.025847872	0.029420873	0.02727235	0.194848664	0.027551543	0.025670895	0.028393752	0.029467456	0.024752681	0.027264155	0.030169778	0.023931727	0.024142224	0.157192395	0.215158608	0.175610658	0.009907527	0.012945103	0.168442475	0.167895064	0.01341398	0.018667195	0.017331949	0.01079124	0.015117261	0.031504982	0.053191477	0.046108455	0.035428734	0.043457139	0.036911947	0.075578385	0.021990682	0.019592124	0.034693119	0.052393296	0.076705996	0.129849727	0.078571353	0.030269179	0.01350847	0.022299923	0.015632585	0.028360075	0.022633895	0.02402598	0.163319668	0.031537979	0.034257922	0.024275153	0.02183679	0.056764047
1153	0.044185224	0.062523301	0.044227339	0.079086634	0.077438321	0.073165945	0.052455492	0.050391579	0.036827784	0.123171266	0.202925702	0.058854474	0.078205902	0.067826945	0.089859024	0.055384989	0.013155184	0.01263727	0.084246974	0.0502845	0.0	0.106552375	0.212628209	0.031790035	0.032821166	0.034131258	0.034281245	0.032506892	0.223230743	0.238449115	0.217194201	0.254243511	0.27205695	0.374477798	0.373726886	0.374597115	0.151388694	0.052373795	0.033335606	0.032808677	0.032380178	0.217590826	0.035167595	0.034388581	0.031869272	0.033766862	0.035027269	0.033569533	0.030371712	0.033245575	0.039747164	0.180079979	0.24479369	0.200357594	0.049116595	0.045088421	0.187520747	0.188088598	0.040972032	0.050905289	0.050998455	0.04401539	0.049253493	0.061411678	0.088533517	0.073502991	0.039529332	0.020796751	0.067610181	0.099599187	0.050412368	0.037639388	0.030532901	0.04830559	0.101286892	0.151311727	0.106063377	0.061080513	0.051860292	0.051587365	0.043404273	0.057471117	0.053342305	0.05524733	0.18687525	0.067864135	0.0609496	0.055680691	0.04759037	0.087628935
1152	0.126194309	0.054964228	0.124058624	0.036946081	0.0367764	0.042154538	0.062574897	0.061114806	0.076245429	0.040512319	0.115479797	0.054565049	0.031899189	0.04205919	0.025862421	0.05933156	0.102007477	0.099063049	0.041033147	0.070254707	0.106552375	0.0	0.134882118	0.118144834	0.085271455	0.085151099	0.084965694	0.087650757	0.139214166	0.154934656	0.13840081	0.16945094	0.184158495	0.429441231	0.415101097	0.43192809	0.066967373	0.133096348	0.082505779	0.085779314	0.083983919	0.140148127	0.08468043	0.082883142	0.085533905	0.086436557	0.081678192	0.084187448	0.087095329	0.080808598	0.079201647	0.12849602	0.159506623	0.121135387	0.063713278	0.06649294	0.111145868	0.112231971	0.072431229	0.059345398	0.059066688	0.067069945	0.061253866	0.049251331	0.021407458	0.04063527	0.071669981	0.099641618	0.04352171	0.02094706	0.061592331	0.076742911	0.081444858	0.073664587	0.032526471	0.07432076	0.039655964	0.049219624	0.061867261	0.061578696	0.068136012	0.055089136	0.059515266	0.055677179	0.109424473	0.046471852	0.055917713	0.056049644	0.067435733	0.021604078
448	0.217739205	0.178443084	0.219831246	0.160709195	0.169467176	0.166535338	0.190809405	0.19061758	0.205146747	0.110272487	0.040934509	0.183201237	0.161209507	0.171264536	0.152497763	0.1866498	0.209325427	0.206999043	0.158127849	0.194447467	0.212628209	0.134882118	0.0	0.218299708	0.213601365	0.213588673	0.213456914	0.216213077	0.090161272	0.058222142	0.036033526	0.088323236	0.067450163	0.524409815	0.510066581	0.526936692	0.083604701	0.226688796	0.211401623	0.214966436	0.213036235	0.048275275	0.21280644	0.211048068	0.213902795	0.214806289	0.209929342	0.212832616	0.215674597	0.210096248	0.208184317	0.211126804	0.060082543	0.128612083	0.192894144	0.19722887	0.058083276	0.053807679	0.200976519	0.1901244	0.190351148	0.197175881	0.191032134	0.179160487	0.149779468	0.169867038	0.179541687	0.203884932	0.174242258	0.142027684	0.191282881	0.204500147	0.189095398	0.177013051	0.139834195	0.123034958	0.152703992	0.180005252	0.190919289	0.19024372	0.197681628	0.185032374	0.187810664	0.185717709	0.070657559	0.17427627	0.185253571	0.186338548	0.196714777	0.151926898
833	0.036467031	0.073683422	0.039404164	0.090500463	0.08951591	0.084891002	0.062832241	0.063159992	0.051772223	0.130926089	0.208113257	0.073469169	0.090637365	0.080763012	0.100590507	0.065893274	0.033993197	0.033049763	0.094565293	0.061381625	0.031790035	0.118144834	0.218299708	0.0	0.050178477	0.053369947	0.053783236	0.052725813	0.224832604	0.243029934	0.220863602	0.261211174	0.277224225	0.375857453	0.375100877	0.375923516	0.161068005	0.049064218	0.048624469	0.052375004	0.050584903	0.221184765	0.05513724	0.051058976	0.049843105	0.053776011	0.052352548	0.053165628	0.050290905	0.050716694	0.060052573	0.178153912	0.248426915	0.201726181	0.060380322	0.058399178	0.19051811	0.190220851	0.054279747	0.063421938	0.063141616	0.055987173	0.061373796	0.073841333	0.100532886	0.088136548	0.056594297	0.032070938	0.080148166	0.110576222	0.063524281	0.052242571	0.052055356	0.050492641	0.111269391	0.157334738	0.11424876	0.073827152	0.063381829	0.066379392	0.058149972	0.070934772	0.068337138	0.068471693	0.190958201	0.080764318	0.077404655	0.068277702	0.064060663	0.099741146
836	0.06483055	0.041180611	0.064762899	0.056714708	0.054011917	0.050563125	0.032188082	0.024898667	0.009819438	0.119897872	0.196564568	0.03205929	0.054597122	0.044587727	0.067600638	0.033596127	0.024780824	0.026404102	0.06252691	0.028112304	0.032821166	0.085271455	0.213601365	0.050178477	0.0	0.003935122	0.004750737	0.003957486	0.222123277	0.235468291	0.219137011	0.248059099	0.263388632	0.362543654	0.361756756	0.362659687	0.143940726	0.073171325	0.003638036	0.004238045	0.004061722	0.218442494	0.005982583	0.003518673	0.0017455	0.004470068	0.005425147	0.004941813	0.004101728	0.006006969	0.011592688	0.183928113	0.240736136	0.202646432	0.027188037	0.020723375	0.194068497	0.1942915	0.018123786	0.027245771	0.027606573	0.020900476	0.025288987	0.0397813	0.066680555	0.048624235	0.0377382	0.035142341	0.043504655	0.088097557	0.025558306	0.010619416	0.035522171	0.060144998	0.093630784	0.150403771	0.100306517	0.038134223	0.028187352	0.024838223	0.019539525	0.031534033	0.026938937	0.030597702	0.188403834	0.042237909	0.036094194	0.031262207	0.020174184	0.065230253
837	0.067547152	0.041138679	0.065848525	0.056662564	0.053877337	0.050468777	0.03210407	0.024760853	0.01018854	0.119843324	0.19644915	0.031931426	0.054500522	0.044388267	0.067494788	0.033588427	0.025477628	0.027757816	0.062365106	0.028145478	0.034131258	0.085151099	0.213588673	0.053369947	0.003935122	0.0	0.001929811	0.003603784	0.222081529	0.235442241	0.219130019	0.248043261	0.263273416	0.36285786	0.361704644	0.364687871	0.143815772	0.073448451	0.00573898	0.003382027	0.003957346	0.218372188	0.003160675	0.003783663	0.004216208	0.001850562	0.005551071	0.002123085	0.004892822	0.005048879	0.008393866	0.183986637	0.240546448	0.202576826	0.027192035	0.020696925	0.194020101	0.194193348	0.018276808	0.027101977	0.027534161	0.021005766	0.025179875	0.039595824	0.066639113	0.048402807	0.03779911	0.032584369	0.043310335	0.087951361	0.02532443	0.011373674	0.033767539	0.060444974	0.093614278	0.150381517	0.100227311	0.038066401	0.028377854	0.024677325	0.018879197	0.031362899	0.026904131	0.030495514	0.188338918	0.041967653	0.035073306	0.031157019	0.019746592	0.065155947
838	0.068245631	0.040910378	0.066670674	0.056494527	0.053744266	0.050282942	0.031842473	0.024629634	0.009930501	0.119925417	0.196317983	0.032132967	0.054436885	0.04429781	0.067312405	0.033399462	0.025651663	0.027916403	0.062243383	0.028147799	0.034281245	0.084965694	0.213456914	0.053783236	0.004750737	0.001929811	0.0	0.003383543	0.221799914	0.235265922	0.218978106	0.247898376	0.263157373	0.363199347	0.361632333	0.365491244	0.143755713	0.073994328	0.006115153	0.00307316	0.004420787	0.218250091	0.00221886	0.004314116	0.004678435	0.002031491	0.00527745	0.002150246	0.004526211	0.00492416	0.007611985	0.183492008	0.240411253	0.202342599	0.026882012	0.020543902	0.193790434	0.194003183	0.017909329	0.026925766	0.027356012	0.020660229	0.02501103	0.039367339	0.06646594	0.048203238	0.037686473	0.031911914	0.043083294	0.08779477	0.025114659	0.010820243	0.033104496	0.060297417	0.093539713	0.150288056	0.10001564	0.037846946	0.027905483	0.024639368	0.018830066	0.031250946	0.027102688	0.030347101	0.188163845	0.042089698	0.035011205	0.030976314	0.019641459	0.06496524
839	0.067246244	0.043500165	0.067275983	0.059101882	0.056409029	0.052887031	0.034461094	0.027344761	0.012846102	0.122726748	0.199011388	0.0349859	0.057150958	0.047073189	0.06996267	0.036040917	0.023655686	0.026409356	0.064918238	0.03097308	0.032506892	0.087650757	0.216213077	0.052725813	0.003957486	0.003603784	0.003383543	0.0	0.224413675	0.238021269	0.221711295	0.250617025	0.265862342	0.364438786	0.363542302	0.364435299	0.1465648	0.075432075	0.005831944	0.002479513	0.004566938	0.22092069	0.004274369	0.006186615	0.003664658	0.002585404	0.007426743	0.004399049	0.003046478	0.007728451	0.009439728	0.186095945	0.243025368	0.204968034	0.029516639	0.023189605	0.196472563	0.196654034	0.020592542	0.029546233	0.029954325	0.023263596	0.027666483	0.042051708	0.069139721	0.050829927	0.0404307	0.033628853	0.045780339	0.090431851	0.02785197	0.013289784	0.035431915	0.062935384	0.096228872	0.153031779	0.102694551	0.040513451	0.030476264	0.027303487	0.021608175	0.033852843	0.029921401	0.032954962	0.19096542	0.044966307	0.037625216	0.033591417	0.022356406	0.067618927
429	0.225366617	0.182115572	0.222548032	0.167024681	0.171562954	0.172757752	0.190854613	0.197956708	0.213033977	0.120435635	0.081484341	0.191410879	0.168850139	0.179143354	0.156152393	0.190084348	0.220838577	0.215496199	0.160926499	0.195216251	0.223230743	0.139214166	0.090161272	0.224832604	0.222123277	0.222081529	0.221799914	0.224413675	0.0	0.105585886	0.075134852	0.138201002	0.143098105	0.510935833	0.496358273	0.513305494	0.117132061	0.23431044	0.219252077	0.222618144	0.220810949	0.089383623	0.22146242	0.219448034	0.222303455	0.223240757	0.218397866	0.221129378	0.223947669	0.217643104	0.216153241	0.138806572	0.058625859	0.051718593	0.195917382	0.20239808	0.057134498	0.054271843	0.207098353	0.195879244	0.195265692	0.202075847	0.197492342	0.183593947	0.156745464	0.176694698	0.192862623	0.214336026	0.179854496	0.145167766	0.197581835	0.213138551	0.20204392	0.185610329	0.147125129	0.146106014	0.145090612	0.185501394	0.194781223	0.198486832	0.204684232	0.191530182	0.196206936	0.192358185	0.092835283	0.182514504	0.192570875	0.192052426	0.204322523	0.15844186
1018	0.245227759	0.198109066	0.23878248	0.181329693	0.189804668	0.18723951	0.208209581	0.211785594	0.226503419	0.136991619	0.071938749	0.204715239	0.182452981	0.19253523	0.172373371	0.205874798	0.234971021	0.229576141	0.177143387	0.211295593	0.238449115	0.154934656	0.058222142	0.243029934	0.235468291	0.235442241	0.235265922	0.238021269	0.105585886	0.0	0.03985515	0.039008464	0.047213599	0.553790895	0.539319011	0.556220096	0.132775941	0.253101122	0.233069493	0.236446072	0.234504239	0.094554459	0.2347152	0.23287744	0.235725645	0.236618201	0.231814768	0.234607214	0.237519265	0.23150959	0.229966295	0.229146008	0.064581951	0.147716301	0.212175436	0.217988588	0.092297348	0.090444357	0.220699111	0.21071259	0.210697886	0.217712449	0.211983506	0.199974479	0.17009442	0.191419214	0.204901301	0.229574988	0.195222764	0.15861287	0.212267629	0.226711897	0.214882888	0.200936341	0.162318125	0.168698518	0.167169738	0.200907422	0.210373215	0.211803922	0.218255806	0.206214214	0.209550326	0.206727725	0.115306867	0.195846492	0.206711669	0.20698881	0.218161863	0.17304551
1019	0.219336159	0.18128241	0.21455793	0.164811063	0.172985864	0.170512288	0.191391201	0.195306554	0.210189191	0.115021465	0.052717325	0.188449941	0.166226735	0.176282114	0.155708247	0.188841208	0.213054825	0.208443157	0.159836841	0.193625741	0.217194201	0.13840081	0.036033526	0.220863602	0.219137011	0.219130019	0.218978106	0.221711295	0.075134852	0.03985515	0.0	0.07382255	0.082060037	0.524886857	0.510568123	0.52761721	0.115483667	0.229103566	0.216721631	0.22022612	0.218177909	0.073555021	0.218375852	0.216521884	0.219435341	0.220339919	0.215496806	0.21828	0.221183085	0.215058882	0.213769549	0.197489826	0.038514917	0.115850533	0.19526059	0.201449128	0.060153964	0.057248273	0.204062649	0.194312494	0.194036392	0.201326113	0.195461276	0.183366763	0.15379425	0.174146642	0.186185551	0.208091954	0.178961956	0.142406326	0.196119795	0.210057151	0.19293106	0.179499321	0.144238401	0.14762723	0.14670236	0.18437404	0.193966571	0.195546484	0.201962952	0.189919984	0.193008146	0.190204249	0.091259459	0.179258596	0.189301261	0.190674974	0.201593903	0.156645646
1016	0.266796141	0.216331696	0.264700286	0.200470875	0.204143474	0.206017418	0.222738251	0.22472597	0.239220575	0.156567793	0.100471829	0.217448593	0.195606199	0.206164936	0.191302813	0.222068444	0.250123369	0.247205941	0.203780413	0.230444275	0.254243511	0.16945094	0.088323236	0.261211174	0.248059099	0.248043261	0.247898376	0.250617025	0.138201002	0.039008464	0.07382255	0.0	0.032635433	0.580443133	0.566179267	0.58326781	0.149374831	0.273868714	0.245723445	0.249169274	0.247191455	0.125318109	0.247179148	0.24542402	0.248243045	0.249187471	0.244288016	0.24722311	0.250071485	0.24416193	0.242762079	0.264249218	0.095544155	0.181491605	0.225540502	0.231080852	0.127148864	0.124376229	0.233076065	0.223960898	0.224159366	0.231242785	0.225273872	0.213202037	0.183199142	0.20333294	0.220689485	0.245383658	0.208575984	0.173131196	0.225543151	0.239095455	0.23059801	0.216866665	0.179125099	0.18857911	0.185736708	0.214590014	0.223318189	0.224593532	0.231386144	0.219263946	0.222052404	0.219811597	0.143902343	0.208317674	0.219169315	0.220117742	0.230310387	0.186730476
1017	0.274952148	0.226869385	0.277024043	0.21012708	0.219289723	0.215967537	0.23795858	0.240255671	0.25479741	0.161962778	0.09171587	0.232744796	0.211032518	0.220837687	0.201566562	0.235114145	0.268657802	0.265775004	0.210395096	0.241611878	0.27205695	0.184158495	0.067450163	0.277224225	0.263388632	0.263273416	0.263157373	0.265862342	0.143098105	0.047213599	0.082060037	0.032635433	0.0	0.582183994	0.567673072	0.584614111	0.133206976	0.284021451	0.26108839	0.264522317	0.262646926	0.103640408	0.262537067	0.260733501	0.26365883	0.264490494	0.259661575	0.262511597	0.265479246	0.259666637	0.257939826	0.270247367	0.091754504	0.186658312	0.241014007	0.246617701	0.119677797	0.114911236	0.248756364	0.239373755	0.239471937	0.246448098	0.240642777	0.228650568	0.198665525	0.219624031	0.236888512	0.263400291	0.223791465	0.189492721	0.24106813	0.254443746	0.247972387	0.23529338	0.18799918	0.175206049	0.201747391	0.229858577	0.238941132	0.240087961	0.247089149	0.234568703	0.237382523	0.235080882	0.123844372	0.223841615	0.234995412	0.235826741	0.24636024	0.201842709
424	0.383162134	0.380198985	0.379515543	0.395144618	0.403013341	0.389779363	0.377479472	0.375094973	0.364288584	0.452106056	0.51377488	0.385130778	0.402671836	0.394655803	0.407190394	0.375940875	0.36904727	0.371724478	0.392870694	0.368239198	0.374477798	0.429441231	0.524409815	0.375857453	0.362543654	0.36285786	0.363199347	0.364438786	0.510935833	0.553790895	0.524886857	0.580443133	0.582183994	0.0	0.015647784	0.007849591	0.474924424	0.391561515	0.361519724	0.364548115	0.363841834	0.522973188	0.363846599	0.361204649	0.362973866	0.363242436	0.362242357	0.363757729	0.365207392	0.363818235	0.369441364	0.408856717	0.537302964	0.4714997	0.372083777	0.371058075	0.490039009	0.495853904	0.370167104	0.378262629	0.377419309	0.366962886	0.373629409	0.390380408	0.412400233	0.400476215	0.381903638	0.370787077	0.395541737	0.433162067	0.379437424	0.362485032	0.378961399	0.39256562	0.4314926	0.465205033	0.433589369	0.388690681	0.373987114	0.376859385	0.374793045	0.385119695	0.377299773	0.381812468	0.497877394	0.389029973	0.389179014	0.382524493	0.376295324	0.415379063
427	0.382334586	0.366134897	0.378093929	0.380893354	0.388639777	0.375570387	0.363345264	0.361000025	0.357323484	0.437997762	0.499528368	0.37107989	0.388402358	0.380409707	0.392904866	0.361744847	0.368571026	0.370941374	0.378557874	0.354299914	0.373726886	0.415101097	0.510066581	0.375100877	0.361756756	0.361704644	0.361632333	0.363542302	0.496358273	0.539319011	0.510568123	0.566179267	0.567673072	0.015647784	0.0	0.021070827	0.46061721	0.390279833	0.360661524	0.363693305	0.36286907	0.508609288	0.360715997	0.359905583	0.362183648	0.36231206	0.358642579	0.362406593	0.364419492	0.361708873	0.358266282	0.394431551	0.522920706	0.45696548	0.357926299	0.356888011	0.475555203	0.48144037	0.356953414	0.364034389	0.363298601	0.35369765	0.359442335	0.376192088	0.398149531	0.386616319	0.368062306	0.362889853	0.381337693	0.418924509	0.365287444	0.356027022	0.365209229	0.378456768	0.41720231	0.450927951	0.419551643	0.374485913	0.359799954	0.362787347	0.360900611	0.370950153	0.363168255	0.367642896	0.483692968	0.374885259	0.37537452	0.368364217	0.362175428	0.401116183
426	0.383225623	0.382819512	0.380481198	0.397588513	0.405300344	0.392324324	0.380011731	0.377580382	0.366917047	0.455074059	0.516630525	0.387703591	0.405183903	0.397170762	0.409694967	0.378427278	0.369613483	0.371847883	0.395453389	0.370737293	0.374597115	0.43192809	0.526936692	0.375923516	0.362659687	0.364687871	0.365491244	0.364435299	0.513305494	0.556220096	0.52761721	0.58326781	0.584614111	0.007849591	0.021070827	0.0	0.477573349	0.39376653	0.362001071	0.365111868	0.364423475	0.525560071	0.3662977	0.36316596	0.363018805	0.364709047	0.364934402	0.365771266	0.365287131	0.366116694	0.371924399	0.411359356	0.539926303	0.473991579	0.374589118	0.373521342	0.492480714	0.498419983	0.372861739	0.380709166	0.379936958	0.369458179	0.376098682	0.392932045	0.414967202	0.40359936	0.384441295	0.373289798	0.398075586	0.435622186	0.381960975	0.365126921	0.381909708	0.395089295	0.433979629	0.46793499	0.436544464	0.391186034	0.376459925	0.379552614	0.377304588	0.387667006	0.379824746	0.384316827	0.500787447	0.391742958	0.392359209	0.38506025	0.378880901	0.417901808
449	0.163138896	0.116698207	0.169331213	0.09909351	0.098778989	0.104686677	0.122791468	0.120941907	0.135333894	0.045354208	0.078008264	0.113341906	0.09213465	0.101024741	0.089815276	0.122365385	0.147882762	0.14531321	0.103480234	0.132029888	0.151388694	0.066967373	0.083604701	0.161068005	0.143940726	0.143815772	0.143755713	0.1465648	0.117132061	0.132775941	0.115483667	0.149374831	0.133206976	0.474924424	0.46061721	0.477573349	0.0	0.170322099	0.141632644	0.144978547	0.142993242	0.07987785	0.143092055	0.141387683	0.144061632	0.14505924	0.140252533	0.142877047	0.145871328	0.140111951	0.13811804	0.167938415	0.133617192	0.098339912	0.126112367	0.127313205	0.074650049	0.073389284	0.132289086	0.120142105	0.120409243	0.130005984	0.121814161	0.10910307	0.082210201	0.099887247	0.116443766	0.143309119	0.104446365	0.072488691	0.121531292	0.135301264	0.127224691	0.118530698	0.071614884	0.057243891	0.087614195	0.109776491	0.124414062	0.120398631	0.128647397	0.115093233	0.118254595	0.115775422	0.050133474	0.107447023	0.115174656	0.116472181	0.126990226	0.082108691
