	L1S140	L1S208	L1S8	L1S281	L3S242	L2S309	L2S357	L4S112	L2S155	L2S382	L4S63	L2S222	L3S341	L3S360	L2S204	L4S137	L3S294	L2S175	L5S203	L6S93	L6S20	L6S68	L1S257	L3S378	L1S105	L5S174	L5S155	L5S222	L5S104	L1S57	L1S76	L5S240	L3S313	L2S240
L1S140	0.0	0.578588957919	0.656411464922	0.605075855562	0.570773766044	0.799238477118	0.797306979224	0.820348578432	0.840599080042	0.822646762657	0.864863766309	0.847006512153	0.823944773612	0.848345653107	0.839799574632	0.830051355095	0.815360734512	0.811834036662	0.796102311005	0.820930477195	0.785170911221	0.816714749509	0.619050442576	0.452051274999	0.569172915598	0.808214828669	0.771217641419	0.787977238363	0.722565563129	0.590151813331	0.548562736498	0.76631415131	0.822397028104	0.772608321853
L1S208	0.578588957919	0.0	0.663504402376	0.493193356179	0.687795635684	0.861177517197	0.875801847443	0.884426843419	0.887113434966	0.884450673422	0.901608370817	0.888870106971	0.871493685849	0.899149540546	0.893198376285	0.896984485371	0.866285576148	0.880498579815	0.851580021523	0.878101455815	0.854652093637	0.862456382373	0.447549221586	0.559256880393	0.653917044715	0.871873974497	0.844581667517	0.841595930004	0.834757549724	0.57000444925	0.560315385972	0.832320241597	0.882966306173	0.873297997324
L1S8	0.656411464922	0.663504402376	0.0	0.695533992219	0.466502836705	0.855521803387	0.838339682333	0.863791860607	0.890872089992	0.879232602805	0.887422687569	0.891879915336	0.874780376174	0.887922288175	0.872251651982	0.883199438421	0.859923313469	0.851021121867	0.828899872571	0.837977907614	0.808372570483	0.826579653799	0.691083934319	0.653113253316	0.622923640938	0.821236001659	0.795150084563	0.817091755823	0.787593967024	0.578623036384	0.625047382137	0.766313161543	0.865271879676	0.833458980533
L1S281	0.605075855562	0.493193356179	0.695533992219	0.0	0.714689768085	0.870663250924	0.866737359849	0.89374875754	0.891661994186	0.884772480556	0.90672008231	0.898967687265	0.88380903053	0.904372874837	0.899969598857	0.902651081904	0.883466240999	0.871713512619	0.855748780183	0.897911292525	0.866647714816	0.861139041795	0.48938276431	0.601963628828	0.683927745916	0.895314759114	0.858718783662	0.868045204988	0.834305199662	0.609760824314	0.602027089888	0.823589383759	0.892761551673	0.856852856282
L3S242	0.570773766044	0.687795635684	0.466502836705	0.714689768085	0.0	0.792152370832	0.757981064918	0.801759950872	0.817866733459	0.798318268631	0.836385123073	0.821062898216	0.803930402408	0.825580633094	0.805454370739	0.803385510061	0.789403099905	0.762304415014	0.707726373359	0.718300191375	0.693380555731	0.718811836317	0.706334845314	0.598514334362	0.549621820834	0.692187635918	0.688536035242	0.676608369133	0.676375460551	0.591680880961	0.55567185713	0.612957470763	0.790811042241	0.703156918441
L2S309	0.799238477118	0.861177517197	0.855521803387	0.870663250924	0.792152370832	0.0	0.488404138984	0.492494737333	0.543934126821	0.678961318331	0.500659813902	0.554453130262	0.533822446414	0.541573520969	0.522157058338	0.662813690451	0.518547907026	0.528643513739	0.708516441556	0.779322557438	0.780412711394	0.733468186989	0.862886120912	0.810322263194	0.763423419014	0.78082086178	0.759151916219	0.74164311038	0.66009974522	0.868993419258	0.84266155049	0.720077016367	0.523933347603	0.694363360237
L2S357	0.797306979224	0.875801847443	0.838339682333	0.866737359849	0.757981064918	0.488404138984	0.0	0.485016425224	0.555191831316	0.614979833597	0.515392840376	0.554402607849	0.48098740726	0.546141912812	0.510108003069	0.5932579694	0.514012544218	0.47211244201	0.665216260268	0.677545072975	0.690709635566	0.648056849379	0.872874307195	0.804821182911	0.762737148456	0.696897506854	0.727115117145	0.680445320299	0.577275369481	0.870619986077	0.840702708611	0.627410538015	0.520555933421	0.607713082175
L4S112	0.820348578432	0.884426843419	0.863791860607	0.89374875754	0.801759950872	0.492494737333	0.485016425224	0.0	0.502994906801	0.644805250268	0.498908883021	0.50574318197	0.453778545314	0.483671208497	0.473547319733	0.629337285409	0.548389365593	0.52320682447	0.696359557746	0.732034419727	0.743099620888	0.70129289884	0.884968438716	0.833928079904	0.785055525131	0.743401134766	0.780021489132	0.719809851091	0.630395157197	0.87972560657	0.859448728421	0.696067081592	0.533442471446	0.668398802332
L2S155	0.840599080042	0.887113434966	0.890872089992	0.891661994186	0.817866733459	0.543934126821	0.555191831316	0.502994906801	0.0	0.608989351673	0.523353069829	0.542720927022	0.489476637467	0.532095769542	0.498566814813	0.613194003075	0.519419508263	0.510729169132	0.727213982649	0.740318903583	0.758250361543	0.709599059497	0.894206158271	0.85712591655	0.815973733911	0.762713961457	0.775804128661	0.741723256944	0.680411512766	0.893318933517	0.869500117849	0.707588347976	0.523818545275	0.667347287172
L2S382	0.822646762657	0.884450673422	0.879232602805	0.884772480556	0.798318268631	0.678961318331	0.614979833597	0.644805250268	0.608989351673	0.0	0.680418299654	0.673509049437	0.667389166758	0.69286834404	0.670008525642	0.323473088537	0.654170962392	0.546187529354	0.589192028219	0.586642135294	0.624991664524	0.568211961962	0.897975895799	0.831259766779	0.790129217455	0.619123888674	0.689338452316	0.571229627578	0.573434081413	0.894278156303	0.874859338753	0.615581847837	0.581776556863	0.561322566567
L4S63	0.864863766309	0.901608370817	0.887422687569	0.90672008231	0.836385123073	0.500659813902	0.515392840376	0.498908883021	0.523353069829	0.680418299654	0.0	0.523056525486	0.488806353636	0.503518728605	0.482139223295	0.653034189418	0.537347878992	0.568688127395	0.747836793797	0.778313901649	0.783787841066	0.738837634509	0.911728754471	0.861469836965	0.819809696982	0.782856565765	0.804280800046	0.76446180624	0.708035044591	0.908924255143	0.888429277068	0.75458778282	0.521392179079	0.703143254184
L2S222	0.847006512153	0.888870106971	0.891879915336	0.898967687265	0.821062898216	0.554453130262	0.554402607849	0.50574318197	0.542720927022	0.673509049437	0.523056525486	0.0	0.485867216879	0.452399771497	0.480773676865	0.668508168131	0.591429512132	0.58738093461	0.765805965462	0.777717157361	0.797147167063	0.762183971271	0.893981014383	0.855014687474	0.814985150385	0.797469117704	0.81731194274	0.768932357889	0.711076549144	0.883875688723	0.866989554621	0.752132760705	0.567741199687	0.726382639058
L3S341	0.823944773612	0.871493685849	0.874780376174	0.88380903053	0.803930402408	0.533822446414	0.48098740726	0.453778545314	0.489476637467	0.667389166758	0.488806353636	0.485867216879	0.0	0.488247474452	0.428010786067	0.650366183885	0.53900424841	0.525969445567	0.745695037212	0.763430595871	0.773841376282	0.745087989013	0.870230214744	0.837413818727	0.804803258125	0.773094570262	0.810460290423	0.748518941247	0.674755447565	0.872242463089	0.851125402762	0.712040157103	0.546148116126	0.697540025082
L3S360	0.848345653107	0.899149540546	0.887922288175	0.904372874837	0.825580633094	0.541573520969	0.546141912812	0.483671208497	0.532095769542	0.69286834404	0.503518728605	0.452399771497	0.488247474452	0.0	0.448813010744	0.676299034457	0.601838678024	0.57369213981	0.76893679284	0.790549281508	0.790051631844	0.757116519142	0.891439350575	0.852491080501	0.827030581081	0.797768633194	0.804923220697	0.775244174705	0.709274214452	0.899239790047	0.880912174376	0.752083374921	0.577257875844	0.721560413331
L2S204	0.839799574632	0.893198376285	0.872251651982	0.899969598857	0.805454370739	0.522157058338	0.510108003069	0.473547319733	0.498566814813	0.670008525642	0.482139223295	0.480773676865	0.428010786067	0.448813010744	0.0	0.675798909883	0.570563470225	0.551078551546	0.745991250527	0.772538296072	0.770941111829	0.743738608832	0.88488715745	0.852903498408	0.80491298398	0.785277990633	0.796380681512	0.753463251131	0.676313311473	0.890166892392	0.865972036351	0.72306156901	0.538602371451	0.709156939072
L4S137	0.830051355095	0.896984485371	0.883199438421	0.902651081904	0.803385510061	0.662813690451	0.5932579694	0.629337285409	0.613194003075	0.323473088537	0.653034189418	0.668508168131	0.650366183885	0.676299034457	0.675798909883	0.0	0.63194722891	0.544888113513	0.592809096152	0.546375143737	0.618253152854	0.558692424049	0.906348808182	0.833802721031	0.778096631505	0.592669828769	0.689581488816	0.538019817859	0.547212787722	0.892993899663	0.874540481105	0.620775092622	0.539824954935	0.5474103767
L3S294	0.815360734512	0.866285576148	0.859923313469	0.883466240999	0.789403099905	0.518547907026	0.514012544218	0.548389365593	0.519419508263	0.654170962392	0.537347878992	0.591429512132	0.53900424841	0.601838678024	0.570563470225	0.63194722891	0.0	0.49826856925	0.672043142048	0.752583879707	0.74635242726	0.703877290689	0.888363080348	0.823110995476	0.794968475777	0.754401395733	0.757375350187	0.728965062955	0.630161064736	0.87760849416	0.852006296514	0.695214698295	0.488271359814	0.650773945418
L2S175	0.811834036662	0.880498579815	0.851021121867	0.871713512619	0.762304415014	0.528643513739	0.47211244201	0.52320682447	0.510729169132	0.546187529354	0.568688127395	0.58738093461	0.525969445567	0.57369213981	0.551078551546	0.544888113513	0.49826856925	0.0	0.641464595907	0.638017437053	0.687803317736	0.598897634759	0.883430218059	0.814755942348	0.776985017066	0.661015585571	0.707373063136	0.656685510936	0.564627547836	0.879584360403	0.854815105945	0.575154526427	0.476801480899	0.547466835022
L5S203	0.796102311005	0.851580021523	0.828899872571	0.855748780183	0.707726373359	0.708516441556	0.665216260268	0.696359557746	0.727213982649	0.589192028219	0.747836793797	0.765805965462	0.745695037212	0.76893679284	0.745991250527	0.592809096152	0.672043142048	0.641464595907	0.0	0.441086767251	0.455324773843	0.390433026625	0.866177927518	0.793494360668	0.754525928671	0.409358561962	0.465773802802	0.381170440904	0.455560906571	0.850580922384	0.824560415177	0.43088718676	0.655884253009	0.479273184029
L6S93	0.820930477195	0.878101455815	0.837977907614	0.897911292525	0.718300191375	0.779322557438	0.677545072975	0.732034419727	0.740318903583	0.586642135294	0.778313901649	0.777717157361	0.763430595871	0.790549281508	0.772538296072	0.546375143737	0.752583879707	0.638017437053	0.441086767251	0.0	0.393065300004	0.422846729816	0.878430754119	0.821243317006	0.767109703725	0.302673488843	0.544110668002	0.392610142492	0.447986704671	0.856259732472	0.834383804276	0.459718534395	0.710605452596	0.499959931984
L6S20	0.785170911221	0.854652093637	0.808372570483	0.866647714816	0.693380555731	0.780412711394	0.690709635566	0.743099620888	0.758250361543	0.624991664524	0.783787841066	0.797147167063	0.773841376282	0.790051631844	0.770941111829	0.618253152854	0.74635242726	0.687803317736	0.455324773843	0.393065300004	0.0	0.421851808417	0.856035060893	0.781341737462	0.729242798878	0.371943096278	0.450243043704	0.410758381108	0.495037308759	0.836509041742	0.80668148017	0.467188919245	0.71287990843	0.496176880319
L6S68	0.816714749509	0.862456382373	0.826579653799	0.861139041795	0.718811836317	0.733468186989	0.648056849379	0.70129289884	0.709599059497	0.568211961962	0.738837634509	0.762183971271	0.745087989013	0.757116519142	0.743738608832	0.558692424049	0.703877290689	0.598897634759	0.390433026625	0.422846729816	0.421851808417	0.0	0.872090186738	0.809173353473	0.747403028496	0.315627879134	0.494120627445	0.36805939532	0.472498142663	0.850206738742	0.82876400506	0.410217160754	0.668269878205	0.424422572227
L1S257	0.619050442576	0.447549221586	0.691083934319	0.48938276431	0.706334845314	0.862886120912	0.872874307195	0.884968438716	0.894206158271	0.897975895799	0.911728754471	0.893981014383	0.870230214744	0.891439350575	0.88488715745	0.906348808182	0.888363080348	0.883430218059	0.866177927518	0.878430754119	0.856035060893	0.872090186738	0.0	0.606405830884	0.684464471524	0.877891551811	0.851546524394	0.852138433354	0.851646364362	0.585670665305	0.577654976709	0.843102111809	0.899353784585	0.874725072463
L3S378	0.452051274999	0.559256880393	0.653113253316	0.601963628828	0.598514334362	0.810322263194	0.804821182911	0.833928079904	0.85712591655	0.831259766779	0.861469836965	0.855014687474	0.837413818727	0.852491080501	0.852903498408	0.833802721031	0.823110995476	0.814755942348	0.793494360668	0.821243317006	0.781341737462	0.809173353473	0.606405830884	0.0	0.572792298188	0.813424400685	0.767170512271	0.810421511064	0.753004993361	0.61957996282	0.57356869392	0.754859039931	0.818292570806	0.765680822917
L1S105	0.569172915598	0.653917044715	0.622923640938	0.683927745916	0.549621820834	0.763423419014	0.762737148456	0.785055525131	0.815973733911	0.790129217455	0.819809696982	0.814985150385	0.804803258125	0.827030581081	0.80491298398	0.778096631505	0.794968475777	0.776985017066	0.754525928671	0.767109703725	0.729242798878	0.747403028496	0.684464471524	0.572792298188	0.0	0.753007953776	0.711372372449	0.734362913327	0.702997717924	0.563703161258	0.543332960587	0.710394436758	0.789820346042	0.736204085474
L5S174	0.808214828669	0.871873974497	0.821236001659	0.895314759114	0.692187635918	0.78082086178	0.696897506854	0.743401134766	0.762713961457	0.619123888674	0.782856565765	0.797469117704	0.773094570262	0.797768633194	0.785277990633	0.592669828769	0.754401395733	0.661015585571	0.409358561962	0.302673488843	0.371943096278	0.315627879134	0.877891551811	0.813424400685	0.753007953776	0.0	0.472116565495	0.295403355857	0.440077019279	0.853091474014	0.829736428	0.396123114245	0.728844808022	0.455777170627
L5S155	0.771217641419	0.844581667517	0.795150084563	0.858718783662	0.688536035242	0.759151916219	0.727115117145	0.780021489132	0.775804128661	0.689338452316	0.804280800046	0.81731194274	0.810460290423	0.804923220697	0.796380681512	0.689581488816	0.757375350187	0.707373063136	0.465773802802	0.544110668002	0.450243043704	0.494120627445	0.851546524394	0.767170512271	0.711372372449	0.472116565495	0.0	0.516230443047	0.587124441882	0.847272816233	0.816409566012	0.474063324058	0.746209931925	0.545483652946
L5S222	0.787977238363	0.841595930004	0.817091755823	0.868045204988	0.676608369133	0.74164311038	0.680445320299	0.719809851091	0.741723256944	0.571229627578	0.76446180624	0.768932357889	0.748518941247	0.775244174705	0.753463251131	0.538019817859	0.728965062955	0.656685510936	0.381170440904	0.392610142492	0.410758381108	0.36805939532	0.852138433354	0.810421511064	0.734362913327	0.295403355857	0.516230443047	0.0	0.448942423366	0.828488210673	0.799642547446	0.421773524164	0.699609565084	0.472476825875
L5S104	0.722565563129	0.834757549724	0.787593967024	0.834305199662	0.676375460551	0.66009974522	0.577275369481	0.630395157197	0.680411512766	0.573434081413	0.708035044591	0.711076549144	0.674755447565	0.709274214452	0.676313311473	0.547212787722	0.630161064736	0.564627547836	0.455560906571	0.447986704671	0.495037308759	0.472498142663	0.851646364362	0.753004993361	0.702997717924	0.440077019279	0.587124441882	0.448942423366	0.0	0.808786147068	0.784622327495	0.461536986866	0.625490090891	0.408609197004
L1S57	0.590151813331	0.57000444925	0.578623036384	0.609760824314	0.591680880961	0.868993419258	0.870619986077	0.87972560657	0.893318933517	0.894278156303	0.908924255143	0.883875688723	0.872242463089	0.899239790047	0.890166892392	0.892993899663	0.87760849416	0.879584360403	0.850580922384	0.856259732472	0.836509041742	0.850206738742	0.585670665305	0.61957996282	0.563703161258	0.853091474014	0.847272816233	0.828488210673	0.808786147068	0.0	0.413510200422	0.816030224328	0.891264019445	0.863236570982
L1S76	0.548562736498	0.560315385972	0.625047382137	0.602027089888	0.55567185713	0.84266155049	0.840702708611	0.859448728421	0.869500117849	0.874859338753	0.888429277068	0.866989554621	0.851125402762	0.880912174376	0.865972036351	0.874540481105	0.852006296514	0.854815105945	0.824560415177	0.834383804276	0.80668148017	0.82876400506	0.577654976709	0.57356869392	0.543332960587	0.829736428	0.816409566012	0.799642547446	0.784622327495	0.413510200422	0.0	0.783911493738	0.863823912564	0.843949432931
L5S240	0.76631415131	0.832320241597	0.766313161543	0.823589383759	0.612957470763	0.720077016367	0.627410538015	0.696067081592	0.707588347976	0.615581847837	0.75458778282	0.752132760705	0.712040157103	0.752083374921	0.72306156901	0.620775092622	0.695214698295	0.575154526427	0.43088718676	0.459718534395	0.467188919245	0.410217160754	0.843102111809	0.754859039931	0.710394436758	0.396123114245	0.474063324058	0.421773524164	0.461536986866	0.816030224328	0.783911493738	0.0	0.678397228732	0.389609443921
L3S313	0.822397028104	0.882966306173	0.865271879676	0.892761551673	0.790811042241	0.523933347603	0.520555933421	0.533442471446	0.523818545275	0.581776556863	0.521392179079	0.567741199687	0.546148116126	0.577257875844	0.538602371451	0.539824954935	0.488271359814	0.476801480899	0.655884253009	0.710605452596	0.71287990843	0.668269878205	0.899353784585	0.818292570806	0.789820346042	0.728844808022	0.746209931925	0.699609565084	0.625490090891	0.891264019445	0.863823912564	0.678397228732	0.0	0.651781479092
L2S240	0.772608321853	0.873297997324	0.833458980533	0.856852856282	0.703156918441	0.694363360237	0.607713082175	0.668398802332	0.667347287172	0.561322566567	0.703143254184	0.726382639058	0.697540025082	0.721560413331	0.709156939072	0.5474103767	0.650773945418	0.547466835022	0.479273184029	0.499959931984	0.496176880319	0.424422572227	0.874725072463	0.765680822917	0.736204085474	0.455777170627	0.545483652946	0.472476825875	0.408609197004	0.863236570982	0.843949432931	0.389609443921	0.651781479092	0.0