	1142	1143	1141	1146	1147	1144	1145	762	763	760	761	766	764	765	1148	1149	1154	1156	1151	1150	1153	1152	448	833	836	837	838	839	429	1018	1019	1016	1017	449	1138	442	441	440	447	844	843	842	439	436	437	434	435	432	430	431	458	459	450	451	452	453	454	455	456	457	1038	1039	1032	1033	1030	1031	1036	1037	1034	1035	757	759	758	461	460	1025	1024	1027	1026	1021	1020	1023	1022	1029	1028	1040
1142	0.0	0.670330420158	0.478640479045	0.72158112533	0.736955039539	0.704232677265	0.708775175934	0.725972889865	0.662913848633	0.661843534838	0.712585533373	0.766202747137	0.663650655544	0.695234528674	0.671844329552	0.672680332545	0.767239473721	0.490895126286	0.729528517401	0.707111113759	0.544570414315	0.727828283743	0.705935711699	0.673406177867	0.720998222919	0.723501069443	0.703265591509	0.732103611122	0.745530742382	0.741159149403	0.681265719972	0.724765023851	0.726936979245	0.704045494223	0.474175436891	0.722679699748	0.709266666813	0.68968161151	0.725498775888	0.713103951592	0.679213688622	0.681842202701	0.743715169922	0.698052988422	0.709215157336	0.708295888347	0.68546336954	0.750733708725	0.753744031194	0.767052710234	0.688246245034	0.674887306461	0.717789097176	0.719728692918	0.679133500203	0.685756308971	0.658876996931	0.687130481823	0.650568386517	0.693169450633	0.681274403249	0.672701506867	0.612117665138	0.66577134194	0.684001125118	0.687278618673	0.702619112587	0.695681445044	0.704566453219	0.755478048375	0.673488646523	0.685023126293	0.697499783888	0.691510332145	0.676601383116	0.691589854415	0.690724300063	0.634827531312	0.732789782745	0.672709273649	0.635334865272	0.696283112131	0.73892445606	0.678348808305	0.64401173333	0.683553005367
1143	0.670330420158	0.0	0.673874090229	0.462601761856	0.471331519213	0.451297287136	0.456889068561	0.427251362238	0.458029182638	0.570928936044	0.569840823248	0.452278061613	0.40022403096	0.522191744605	0.412731245071	0.475479047316	0.817872007005	0.669784092088	0.471138562579	0.45966342785	0.74256743845	0.497317962844	0.575715850549	0.703954764713	0.52607948638	0.539029213158	0.51082542366	0.569739544583	0.568530155141	0.546003087977	0.532382214599	0.532414320324	0.569120108887	0.543533544679	0.663592947279	0.532770172237	0.492528383945	0.535061410056	0.598404195877	0.600465342028	0.510856844636	0.538298847715	0.574283460059	0.542623660898	0.597981178422	0.518467534397	0.518438645676	0.589075705609	0.602820337425	0.603293205497	0.48977844795	0.478024620231	0.574566913055	0.575067220003	0.537468591935	0.467413095035	0.476608015065	0.402829649047	0.498476695876	0.508519267378	0.434573366655	0.492776141772	0.58489666293	0.52504920271	0.438688806772	0.512443171681	0.471761268653	0.529163926964	0.586022476917	0.599164968913	0.513591689277	0.539861653933	0.48627290161	0.46595049182	0.460154112333	0.483967713991	0.491114196724	0.428764680947	0.497926393773	0.422791315322	0.582409025728	0.516884443407	0.530769990505	0.464462065175	0.513483873397	0.512947818228
1141	0.478640479045	0.673874090229	0.0	0.633212549905	0.708006324468	0.682653641935	0.674796465317	0.684165556525	0.623048443718	0.667715379867	0.720923096778	0.702910449964	0.693000957532	0.658037523437	0.677904080166	0.654987905435	0.709293791437	0.49455746255	0.697889266254	0.673570561369	0.495193928609	0.689515984323	0.673987210942	0.629731900118	0.711417492163	0.698023503453	0.680957658688	0.701206810494	0.737971558813	0.687728398341	0.681890316638	0.710223352948	0.756418353844	0.700010961542	0.500926737065	0.674242086442	0.690115085889	0.672289829826	0.692164296572	0.685951233499	0.683539974062	0.691803267327	0.731161197289	0.684505875174	0.695450769022	0.673425512718	0.642671421917	0.723848634904	0.735722652315	0.733506545323	0.67629160354	0.677178287014	0.71823719331	0.743752033833	0.657541121355	0.661026010018	0.634687443576	0.66706920021	0.692097427306	0.684190604366	0.67798857333	0.653475622818	0.649390180378	0.595812398087	0.704185874059	0.654669388687	0.653713691177	0.681486458033	0.622010695829	0.630204210116	0.64245739069	0.630183570577	0.696514691334	0.704883627571	0.614781630403	0.687788891012	0.648911848926	0.635958404515	0.713254944177	0.685948980374	0.696147532636	0.696242420832	0.682626985318	0.648676063708	0.704584690752	0.699097373871
1146	0.72158112533	0.462601761856	0.633212549905	0.0	0.454395374532	0.506846743317	0.427510219841	0.444216128509	0.477611417564	0.60576752332	0.601076332764	0.468088136504	0.472815966365	0.548894505345	0.428745627905	0.472055465988	0.774002531072	0.686632725204	0.455858882457	0.478767129394	0.74027801988	0.50905444159	0.591096033484	0.709476093022	0.528548021445	0.532104514856	0.517620647703	0.553224292608	0.617951065939	0.510065132289	0.572206539242	0.560766751853	0.625248185399	0.582325494324	0.726881313945	0.484653244835	0.486771945382	0.553844186851	0.577249812089	0.583103298505	0.507263230188	0.567732314416	0.549104623576	0.536849914597	0.586925515513	0.509189122154	0.550177577013	0.596519432499	0.629035096462	0.598402809351	0.439465133388	0.502218761522	0.595349868273	0.643076350786	0.551037669651	0.432598683833	0.503907902435	0.466312474362	0.508501294499	0.475003166017	0.493169893945	0.458565718851	0.626203558462	0.561804053708	0.47128848283	0.51251912381	0.454644421885	0.530218853678	0.581889511836	0.547086685638	0.540490600396	0.522881002732	0.510329375756	0.479315961485	0.401575059309	0.4943926306	0.510825044643	0.484312506437	0.515534771081	0.479154247413	0.62463431563	0.574764721858	0.471955000006	0.412322524984	0.570879045347	0.520239278277
1147	0.736955039539	0.471331519213	0.708006324468	0.454395374532	0.0	0.44697671842	0.448722203021	0.47502958553	0.529549004351	0.612952317745	0.591176835667	0.494622762021	0.459331603686	0.536015864025	0.414585028744	0.479507001654	0.827966062267	0.728120566636	0.438246407563	0.511161460874	0.775622446744	0.430632596604	0.623669217552	0.725281198395	0.602394440713	0.580612876916	0.570458464285	0.604602535834	0.548976245601	0.511697095414	0.560200286535	0.551727062328	0.583986763931	0.557993572924	0.752304646559	0.581434322085	0.544649202446	0.58726203564	0.592535391126	0.640390441091	0.552506915042	0.615290616867	0.636399584497	0.568905080571	0.634032880414	0.546159673216	0.575998690318	0.552471607976	0.572757740759	0.562451047729	0.531296483803	0.508374783538	0.564586558722	0.601561939652	0.60670209295	0.505599165642	0.54259600811	0.455657090497	0.537447190394	0.511554978667	0.538698198342	0.544973230158	0.640034414898	0.601863173831	0.471034921885	0.4635372977	0.49900483006	0.598320873075	0.668136728551	0.650544870307	0.579518640868	0.586818682011	0.516292248533	0.446579919284	0.523293306476	0.573521409559	0.528175262757	0.535432986498	0.566300489354	0.477125541126	0.60104338019	0.598401369603	0.559264027192	0.49278111045	0.568352228162	0.542328720098
1144	0.704232677265	0.451297287136	0.682653641935	0.506846743317	0.44697671842	0.0	0.472642018621	0.43427412083	0.473463021763	0.611257870754	0.606136787538	0.506315453854	0.437488708747	0.517479484296	0.449428053281	0.434646503868	0.809630770651	0.680253471967	0.491935077426	0.45182272029	0.741603733342	0.490908109548	0.643187582093	0.699431845212	0.524242915436	0.49960620619	0.526639109212	0.540536024643	0.608217038927	0.562359934702	0.556613405901	0.572707741893	0.582025653895	0.594906330842	0.705422263783	0.513495869971	0.506568883538	0.536298359058	0.624568143251	0.59756034208	0.488270878981	0.517287630611	0.56539500929	0.506220040427	0.574574104585	0.492882973965	0.510330155207	0.59958974359	0.631611968035	0.610069728278	0.49430758856	0.496271017108	0.606698383271	0.633303588777	0.533452060457	0.487189116689	0.481984744117	0.430753238019	0.476288999495	0.455254177087	0.522446639115	0.519593459409	0.598187881893	0.579912468908	0.469127171837	0.499138051578	0.472852615474	0.519782525803	0.616135418558	0.603811796995	0.588453128054	0.562614003122	0.54603090639	0.451639098879	0.475753432884	0.5242281986	0.443202254086	0.44243238382	0.528372411414	0.462430887009	0.629942045322	0.536333793747	0.551691197402	0.461964175069	0.51842347872	0.456875617252
1145	0.708775175934	0.456889068561	0.674796465317	0.427510219841	0.448722203021	0.472642018621	0.0	0.405787848853	0.446861811	0.624085153319	0.632819591396	0.457693318591	0.445773980782	0.526956392347	0.431638692188	0.411283490751	0.80318123063	0.648052874163	0.449735949468	0.474332322695	0.719577763961	0.434481211529	0.637205240795	0.665403127835	0.460976516016	0.483945071046	0.491339847367	0.483214446713	0.609152819875	0.580037422258	0.594296186024	0.581166074844	0.628358407326	0.584190176731	0.719331330487	0.459793713718	0.46274975403	0.489785772036	0.603537118411	0.555654857313	0.481815562834	0.482177326161	0.507734656949	0.464648821462	0.52754709606	0.474456661345	0.498870152333	0.577829317536	0.605324422845	0.602152531542	0.495576048598	0.511214734253	0.610193396124	0.638438936644	0.508112361081	0.445743328168	0.485141669731	0.391921646954	0.533956436279	0.460948617761	0.507323374299	0.473315315576	0.63914879566	0.526149032038	0.400918981312	0.479178538968	0.397191776604	0.486186592215	0.582186138558	0.568584180007	0.557158971743	0.543751251373	0.520961804906	0.447861502414	0.447592456796	0.486429081333	0.440699928519	0.474262723017	0.442842225251	0.495670667413	0.615258497324	0.515262589909	0.487173703529	0.448686708066	0.532336148551	0.522215881548
762	0.725972889865	0.427251362238	0.684165556525	0.444216128509	0.47502958553	0.43427412083	0.405787848853	0.0	0.417694401994	0.610257802601	0.648566494381	0.347953239523	0.473028596322	0.497575152168	0.420384674893	0.443491881905	0.788712657213	0.642954162773	0.456643715719	0.397398512643	0.711686201205	0.45254928655	0.619548766259	0.689646698478	0.477262343765	0.4847088673	0.452592908015	0.50881637733	0.6415458793	0.575861608336	0.605296432148	0.583261871039	0.634839965027	0.574413438123	0.690258115039	0.47016351894	0.439615302153	0.496615761044	0.634979549018	0.507075085814	0.456854753598	0.505254801747	0.487372645773	0.463319348626	0.54700591404	0.443349833487	0.45505294307	0.621598339623	0.633445994505	0.647239507824	0.496680708734	0.5035899827	0.617740510444	0.657736799728	0.457034512976	0.497298392784	0.491279811664	0.386792237911	0.472927085263	0.459033586292	0.496939112222	0.498917431504	0.582418418924	0.482179649984	0.464513419857	0.489807617599	0.429930433263	0.494318847885	0.550150207237	0.511751935345	0.538458074238	0.562730857113	0.500340319944	0.475521366001	0.463746410294	0.548533123833	0.447432975496	0.449703603628	0.41957632809	0.471494561968	0.639579739964	0.538390949271	0.511101298556	0.452482082433	0.555397450107	0.509832306827
763	0.662913848633	0.458029182638	0.623048443718	0.477611417564	0.529549004351	0.473463021763	0.446861811	0.417694401994	0.0	0.62200996869	0.661042981307	0.486160343449	0.4480202994	0.450810991663	0.469292120701	0.504423073381	0.766827948678	0.595531779536	0.521913200485	0.437364295887	0.703530406027	0.520579044154	0.659976765356	0.667653666495	0.429530469458	0.4583720295	0.46063010485	0.421004835786	0.657638887766	0.592218470383	0.618859125154	0.651006607719	0.646976531973	0.577447135087	0.662912089045	0.435229739129	0.428827173539	0.482942197914	0.631194630478	0.518211226643	0.422741597533	0.471759934609	0.42390257925	0.466455225962	0.513757445899	0.429907939311	0.421486278478	0.661409593671	0.648264018036	0.665877774272	0.535524078793	0.512802932838	0.64298522545	0.67215863262	0.485813769033	0.52249733333	0.464559721502	0.358775890371	0.477655197555	0.521087969529	0.527126009348	0.540382153589	0.585399624134	0.488937278727	0.488611436958	0.513288612909	0.418200813462	0.460117262505	0.537826269199	0.580216363546	0.525423812309	0.528937670394	0.577885798856	0.502287788885	0.45064933075	0.559981591963	0.446375101362	0.387183715852	0.429144548119	0.445152617491	0.658703413751	0.534256578225	0.534630501894	0.498648966869	0.55100802814	0.517218051533
760	0.661843534838	0.570928936044	0.667715379867	0.60576752332	0.612952317745	0.611257870754	0.624085153319	0.610257802601	0.62200996869	0.0	0.466944995689	0.643500041261	0.603885013602	0.576530667958	0.579265540791	0.580097987891	0.815063000557	0.699887975977	0.607111522222	0.622440652513	0.758549788791	0.57506644877	0.445237451389	0.735851047553	0.70392701486	0.678568421053	0.653202039291	0.715842312299	0.619990875588	0.542336364161	0.527287482096	0.554359388962	0.549825394588	0.51130735831	0.710942666549	0.663652245694	0.677099966521	0.663537538622	0.484480676982	0.710675596692	0.669007471017	0.672792789601	0.736868522491	0.673697908058	0.706036753335	0.637964274767	0.634127106804	0.663088301044	0.560422615648	0.61792791758	0.540485075885	0.616810263208	0.500188065242	0.543260693034	0.666354040024	0.585934392881	0.597025449946	0.620949269047	0.583639325903	0.535763829908	0.55204583894	0.569850347295	0.565286577354	0.641694567305	0.529165842388	0.612044013798	0.617358750149	0.667706837564	0.611069188833	0.643134136404	0.463919841096	0.463870909134	0.505857449183	0.58820908167	0.594401963812	0.6199217108	0.592785811258	0.558046598111	0.682958018599	0.572213441905	0.466538106212	0.620650241995	0.638762423383	0.553245914802	0.640657411694	0.561123349008
761	0.712585533373	0.569840823248	0.720923096778	0.601076332764	0.591176835667	0.606136787538	0.632819591396	0.648566494381	0.661042981307	0.466944995689	0.0	0.664719125172	0.575542364176	0.612688180592	0.572801184251	0.622833986766	0.846482811807	0.755597405602	0.591576641077	0.652780641528	0.794720932241	0.60084408439	0.48210036483	0.790518744832	0.734416075394	0.733456286094	0.718097878816	0.746200644506	0.555192639769	0.481151945103	0.491411086038	0.505805565389	0.44411696049	0.469433926469	0.713771888793	0.691618794272	0.712047511402	0.735024114419	0.466561574141	0.755275937583	0.706223521025	0.728601908379	0.754558536218	0.738597386615	0.763938807298	0.717705978871	0.70626567604	0.616164314285	0.533958630672	0.571915025631	0.576957758451	0.601852135102	0.474921599075	0.456628517261	0.736050281003	0.567671263511	0.6375294337	0.649442613866	0.600440201358	0.596934541451	0.599785229896	0.631997756777	0.615434245564	0.678216845789	0.597386817302	0.536214165568	0.661534520142	0.701915607631	0.689538356623	0.701333931566	0.535908812123	0.464128957349	0.537575129889	0.636939321358	0.602132402535	0.640945096652	0.661201011289	0.636308347387	0.698396572641	0.610389165445	0.514050947602	0.679976379314	0.652990353982	0.590236536497	0.697363717538	0.620660948217
766	0.766202747137	0.452278061613	0.702910449964	0.468088136504	0.494622762021	0.506315453854	0.457693318591	0.347953239523	0.486160343449	0.643500041261	0.664719125172	0.0	0.521681262541	0.552412018745	0.45793217469	0.498953291146	0.803109529955	0.699255442362	0.505831098483	0.431339428713	0.763234013715	0.504248976395	0.633645728305	0.76554718346	0.537606621881	0.510486871848	0.495974586546	0.529639023648	0.664990540834	0.612283383809	0.63748227894	0.607064756306	0.666306213899	0.595017447459	0.749909575781	0.540707051806	0.501812575867	0.549410546596	0.644837856772	0.556885642221	0.490682999437	0.549081420649	0.498281225315	0.525103629424	0.580686294444	0.482732017245	0.526911045414	0.645857278819	0.660979912176	0.667876893205	0.554397664745	0.521664046701	0.650254213482	0.678057991736	0.516716154841	0.552339143142	0.545268975	0.429878344433	0.497980599059	0.532500762323	0.526523114764	0.518747501846	0.633052055901	0.532903563926	0.496832398482	0.544344413925	0.480644481216	0.523217809336	0.527820594613	0.507841853258	0.565588222016	0.599578192463	0.539171147733	0.513980188225	0.527537608535	0.562238968337	0.506301669334	0.487950047366	0.443006380743	0.514428177514	0.670152826662	0.53872902878	0.51261259699	0.509839337718	0.57034470697	0.55619354307
764	0.663650655544	0.40022403096	0.693000957532	0.472815966365	0.459331603686	0.437488708747	0.445773980782	0.473028596322	0.4480202994	0.603885013602	0.575542364176	0.521681262541	0.0	0.482748166882	0.362521247255	0.451735388842	0.813458992413	0.672684816215	0.48291137516	0.467963505726	0.75003937337	0.48406363338	0.61756786692	0.730451510198	0.521124654676	0.521462415362	0.543444722957	0.543942022205	0.566013983635	0.548782085096	0.539864765838	0.575419334671	0.555223042011	0.576819848441	0.682539668504	0.52730057021	0.528401716812	0.567415030082	0.610400786212	0.610233311918	0.481146181881	0.511499479888	0.565487818729	0.536407002794	0.602575843351	0.499088646568	0.50973895987	0.609111124712	0.603573912562	0.617392210278	0.499661993054	0.487128629894	0.583837028332	0.594407822133	0.5607395376	0.464419293997	0.478587647485	0.424632560263	0.504664485687	0.446994005493	0.498114102279	0.500117483687	0.58632935491	0.577256158245	0.465739619278	0.468307981096	0.448462974454	0.542999043103	0.594119334873	0.612654737924	0.578701082636	0.548939304714	0.532960579547	0.43600784211	0.442968193835	0.455601974079	0.518055393098	0.425760784259	0.526364528386	0.429940439089	0.606844663658	0.514499533398	0.522113378654	0.448470608118	0.504411875272	0.496731446554
765	0.695234528674	0.522191744605	0.658037523437	0.548894505345	0.536015864025	0.517479484296	0.526956392347	0.497575152168	0.450810991663	0.576530667958	0.612688180592	0.552412018745	0.482748166882	0.0	0.479282321774	0.450325973927	0.794626984633	0.63955420371	0.526565397119	0.480567561427	0.713753612172	0.473770485845	0.613784952506	0.677117989167	0.539088496786	0.497661789806	0.505528797335	0.567398063427	0.642516619616	0.585572801748	0.612560089042	0.592078875154	0.642756443856	0.580196956554	0.732948287489	0.568217534233	0.524082954314	0.520419631163	0.59072721045	0.576739237882	0.531881780208	0.537065539802	0.602247995609	0.485735427242	0.556414255025	0.456901427193	0.451310780829	0.629164279112	0.614923621633	0.633182416096	0.56469307203	0.439899874211	0.636034546692	0.621685753222	0.532657323487	0.51252267911	0.451464820783	0.436820312271	0.480391791091	0.50266402662	0.519295960616	0.534212733714	0.508726111374	0.541266115686	0.513421553175	0.50837069089	0.445959077154	0.556074083521	0.546765061079	0.56321988587	0.516800180879	0.545489353113	0.57202837231	0.53247039274	0.516972088112	0.555197925029	0.4611668278	0.475630842836	0.58027380555	0.462846338755	0.610855508741	0.555551850493	0.585690931931	0.537268718774	0.557853721546	0.485218420678
1148	0.671844329552	0.412731245071	0.677904080166	0.428745627905	0.414585028744	0.449428053281	0.431638692188	0.420384674893	0.469292120701	0.579265540791	0.572801184251	0.45793217469	0.362521247255	0.479282321774	0.0	0.390626483923	0.803626075197	0.679526556219	0.460363538874	0.448237765482	0.753243079766	0.466334522731	0.586112675523	0.711718153653	0.535321073951	0.531409708871	0.497199227692	0.552473448656	0.555261783676	0.525262961647	0.556762617752	0.540656896451	0.568990510449	0.568844045505	0.707212152012	0.538109620215	0.488366662985	0.531097738927	0.596975318336	0.577474642978	0.469216415332	0.532515049926	0.564687973459	0.515602973307	0.585810932746	0.48322023512	0.486550152814	0.59203234313	0.584084779188	0.593868069876	0.47150967099	0.453438660371	0.543930045296	0.603997400065	0.553821281171	0.478896445387	0.454862085512	0.420770834789	0.450647998922	0.441556677174	0.481170363601	0.466703359184	0.58109858018	0.559370803298	0.395414560747	0.487564912382	0.450263377573	0.532453715199	0.596431006306	0.59781556452	0.531235154141	0.506919518431	0.495040440103	0.449121485084	0.431100882277	0.480745639304	0.500694784553	0.42431375145	0.530174543283	0.446562116181	0.582078875607	0.523944141196	0.502993155012	0.444281887101	0.502238809691	0.486895693252
1149	0.672680332545	0.475479047316	0.654987905435	0.472055465988	0.479507001654	0.434646503868	0.411283490751	0.443491881905	0.504423073381	0.580097987891	0.622833986766	0.498953291146	0.451735388842	0.450325973927	0.390626483923	0.0	0.738595551971	0.64631248861	0.497917755823	0.456107354417	0.708497988109	0.422844049599	0.601302367531	0.66209973966	0.537075035143	0.470153980775	0.460251052815	0.561279357661	0.621549259306	0.595591596347	0.577847772713	0.573554654162	0.62944878067	0.610598135133	0.722653504995	0.521749234273	0.489613700122	0.462323533345	0.628260425938	0.516841074468	0.511276620676	0.482221388933	0.583289229439	0.472367890278	0.528944242878	0.441913056983	0.448736368597	0.618406670434	0.645039078982	0.642940434755	0.512802190603	0.440551658716	0.594202462096	0.64797845198	0.473471541145	0.46690204784	0.41360793718	0.417974164218	0.513067621269	0.422829568061	0.439529379383	0.459633475422	0.545296335474	0.551553060441	0.425714198642	0.50343682334	0.388082599034	0.48393913046	0.570679595466	0.540786295583	0.522147159639	0.552090848534	0.50715641756	0.484084602608	0.481927482747	0.454068678574	0.431473998979	0.461153003287	0.542218609963	0.466795505629	0.590958591055	0.498135761155	0.528753539508	0.452239683388	0.481555068151	0.448338964501
1154	0.767239473721	0.817872007005	0.709293791437	0.774002531072	0.827966062267	0.809630770651	0.80318123063	0.788712657213	0.766827948678	0.815063000557	0.846482811807	0.803109529955	0.813458992413	0.794626984633	0.803626075197	0.738595551971	0.0	0.715630594352	0.814956552078	0.759186987422	0.723962026259	0.825121784879	0.824592947576	0.816746947264	0.78441242991	0.780490344261	0.761474548993	0.800990448483	0.870988612152	0.824632043538	0.823772962227	0.828294992783	0.881391461181	0.841328886842	0.793984769676	0.746182047813	0.788621664985	0.779038854101	0.830232506692	0.758819696191	0.78809395257	0.795536168913	0.776686562106	0.787953239338	0.786037969002	0.779618190138	0.785496641464	0.847910949009	0.85992443709	0.865041336539	0.779007209772	0.803285687341	0.861566134721	0.86637700877	0.719462703433	0.761780990169	0.769553655334	0.774014131718	0.783961355699	0.789375500324	0.80280100679	0.765032715428	0.763234081582	0.749739191767	0.803270957427	0.79170272685	0.786530182723	0.722420830174	0.713182459876	0.713665200342	0.803912120118	0.776780258207	0.808450747744	0.829387786812	0.740453894811	0.77714918369	0.784599649458	0.795516256483	0.792688742855	0.805824080096	0.834407221622	0.801788767592	0.77652986277	0.765381310598	0.802004804788	0.826146243563
1156	0.490895126286	0.669784092088	0.49455746255	0.686632725204	0.728120566636	0.680253471967	0.648052874163	0.642954162773	0.595531779536	0.699887975977	0.755597405602	0.699255442362	0.672684816215	0.63955420371	0.679526556219	0.64631248861	0.715630594352	0.0	0.710260621487	0.643314915569	0.424955414128	0.671833001526	0.712331714589	0.615799817416	0.657795171449	0.659676458748	0.66153902661	0.668300313257	0.762924459518	0.740078060154	0.732152034606	0.753175725526	0.771558977261	0.707530731827	0.491240932447	0.650118390099	0.668267894303	0.63017132848	0.746285668145	0.642847164314	0.6369553241	0.620745400237	0.669822690632	0.637422924857	0.663398418433	0.649714832049	0.629939139747	0.748542322542	0.75045050801	0.756701958926	0.688916660911	0.672873495112	0.755343082523	0.75750644797	0.569336122214	0.687999984159	0.635613769919	0.630812058381	0.635450356367	0.695473886658	0.67523991788	0.683349362867	0.609302648804	0.57581408944	0.684756974463	0.643639768164	0.635764799539	0.645901962669	0.625260674407	0.674403639443	0.652973429792	0.686474420566	0.703284770771	0.698535889497	0.629426685725	0.697885139099	0.634113039328	0.625750470079	0.640289160455	0.686464844573	0.703036055422	0.672160851346	0.69355758176	0.688124306326	0.681069181811	0.703669371132
1151	0.729528517401	0.471138562579	0.697889266254	0.455858882457	0.438246407563	0.491935077426	0.449735949468	0.456643715719	0.521913200485	0.607111522222	0.591576641077	0.505831098483	0.48291137516	0.526565397119	0.460363538874	0.497917755823	0.814956552078	0.710260621487	0.0	0.476871032814	0.758483277897	0.477370179337	0.604435744092	0.727393096624	0.586302151857	0.591689430566	0.574999316969	0.603130061233	0.577786739809	0.524566503854	0.552559995705	0.526265833571	0.592673216614	0.535734575809	0.74778256107	0.590103505489	0.549995730822	0.60050904957	0.584550006646	0.646381587	0.554052172547	0.617051431825	0.618263128966	0.597718755412	0.622327574361	0.538685342562	0.580563726385	0.514973799357	0.54212410575	0.532398111931	0.482195073926	0.524968500008	0.555250415553	0.568512474652	0.557781098128	0.500468377942	0.557894109604	0.47629204636	0.549445018272	0.516525470681	0.526876404825	0.560926632182	0.596977065681	0.601557094725	0.48475696789	0.518179555222	0.498998066444	0.571315921992	0.656086498133	0.638956106227	0.553343681724	0.571091354604	0.505934889855	0.499262698902	0.470415466994	0.554531219799	0.558130401518	0.522856182929	0.571274790527	0.480036555981	0.544001430887	0.56787804054	0.547780546135	0.481619726154	0.608026378188	0.524896438224
1150	0.707111113759	0.45966342785	0.673570561369	0.478767129394	0.511161460874	0.45182272029	0.474332322695	0.397398512643	0.437364295887	0.622440652513	0.652780641528	0.431339428713	0.467963505726	0.480567561427	0.448237765482	0.456107354417	0.759186987422	0.643314915569	0.476871032814	0.0	0.698189309213	0.504767714547	0.638739967926	0.687514889009	0.472383498666	0.490157105037	0.516701719857	0.509080653886	0.636312256539	0.601149810949	0.616608195254	0.61662526319	0.661376321287	0.580574095145	0.705145079185	0.496578273316	0.453164597594	0.490839119617	0.610980059018	0.540325667482	0.456253625132	0.5373949939	0.488552603817	0.480444473179	0.563288559958	0.434560250248	0.500858979046	0.611534908484	0.627407130499	0.641417497231	0.516366915541	0.533010886649	0.647042417332	0.662989164906	0.468999571238	0.508985688498	0.495271423917	0.386333687177	0.482674152505	0.473139122933	0.493985967043	0.567209618286	0.587971550745	0.503371413191	0.477931040538	0.520993213674	0.466932171423	0.460103497518	0.566287751492	0.537394908176	0.562795498511	0.568486030517	0.568123006218	0.48040981117	0.500697106562	0.518332882389	0.483085185764	0.461608806515	0.467271575679	0.431618257574	0.64250861557	0.57174367279	0.531343696028	0.505248079046	0.579092228066	0.509130922165
1153	0.544570414315	0.74256743845	0.495193928609	0.74027801988	0.775622446744	0.741603733342	0.719577763961	0.711686201205	0.703530406027	0.758549788791	0.794720932241	0.763234013715	0.75003937337	0.713753612172	0.753243079766	0.708497988109	0.723962026259	0.424955414128	0.758483277897	0.698189309213	0.0	0.739722188583	0.760805220351	0.652975034742	0.729886948295	0.732566962049	0.710811334033	0.731026863329	0.805028382799	0.793076194225	0.777371203452	0.777698749165	0.830993611863	0.772935390213	0.512270156622	0.727149587821	0.713471356532	0.696413179281	0.79531477308	0.700127094547	0.717463390873	0.694017747639	0.733582085549	0.717845668632	0.712642341439	0.718562603416	0.731005393226	0.769103675236	0.808376888023	0.793374859348	0.733657027339	0.714980993663	0.792288184584	0.774198050757	0.665373072146	0.723343965438	0.674645721059	0.701592570245	0.705817905944	0.755261596023	0.732304174867	0.734568985344	0.681311512854	0.630496891132	0.749377170596	0.689772908175	0.713187494322	0.721167427845	0.681747727264	0.729949177702	0.723521617415	0.757463403184	0.765698866482	0.753913631365	0.723566846186	0.766317295457	0.695259034865	0.709219548746	0.725596256509	0.760869832195	0.765079066078	0.745496297886	0.755365543766	0.746558907315	0.747850658855	0.749847970771
1152	0.727828283743	0.497317962844	0.689515984323	0.50905444159	0.430632596604	0.490908109548	0.434481211529	0.45254928655	0.520579044154	0.57506644877	0.60084408439	0.504248976395	0.48406363338	0.473770485845	0.466334522731	0.422844049599	0.825121784879	0.671833001526	0.477370179337	0.504767714547	0.739722188583	0.0	0.5715364189	0.669641148353	0.568769150319	0.49693250624	0.501670388384	0.570997086054	0.571222782036	0.534620329405	0.57070495372	0.55893737567	0.572303258435	0.528947397324	0.755068185492	0.539505881229	0.538928775444	0.526204837164	0.583862207195	0.596696653	0.552345389229	0.545113704152	0.622574946032	0.50002869204	0.578574079121	0.467713994025	0.503376828021	0.569916731299	0.569240598507	0.561750053371	0.527675189199	0.477232634599	0.565978723439	0.614653709385	0.537781510826	0.517895045091	0.530837768832	0.473914558231	0.565159167475	0.487926621447	0.504846749613	0.487016169731	0.626378341523	0.574876395116	0.46604450173	0.465728310305	0.433306200597	0.57726880506	0.62175793675	0.558195422724	0.503204685138	0.568081095515	0.514640429381	0.474297832843	0.543832050277	0.50160254424	0.460256007486	0.517738730005	0.560365400916	0.499525330686	0.598244340084	0.540150216847	0.586442486137	0.481416010119	0.549767544154	0.504845126719
448	0.705935711699	0.575715850549	0.673987210942	0.591096033484	0.623669217552	0.643187582093	0.637205240795	0.619548766259	0.659976765356	0.445237451389	0.48210036483	0.633645728305	0.61756786692	0.613784952506	0.586112675523	0.601302367531	0.824592947576	0.712331714589	0.604435744092	0.638739967926	0.760805220351	0.5715364189	0.0	0.757735643762	0.731278909572	0.695536452901	0.693322096988	0.750589076399	0.5951625061	0.521985996906	0.52534986264	0.559939181878	0.486365496432	0.497880200068	0.692221283901	0.691603221184	0.705994708641	0.691476220478	0.4641931492	0.71599523214	0.706408390516	0.70431536069	0.7521841826	0.701097981845	0.730585756083	0.681017221997	0.668253763023	0.649411978539	0.528809346889	0.612449204269	0.616472718847	0.626488675901	0.439212164079	0.489896187206	0.682328066527	0.602290101517	0.624153567425	0.6626877574	0.648216059546	0.596621164118	0.561106359733	0.58583223439	0.612368546606	0.661264223198	0.595685980504	0.620670429079	0.642746051565	0.712107098394	0.639099985382	0.637876142549	0.48676923242	0.452553516163	0.568105104351	0.635825693804	0.611153971423	0.619266380519	0.654918461098	0.609080909149	0.691793473069	0.614744526511	0.472105103201	0.652838470047	0.660729498443	0.579010743504	0.688432428877	0.602572486152
833	0.673406177867	0.703954764713	0.629731900118	0.709476093022	0.725281198395	0.699431845212	0.665403127835	0.689646698478	0.667653666495	0.735851047553	0.790518744832	0.76554718346	0.730451510198	0.677117989167	0.711718153653	0.66209973966	0.816746947264	0.615799817416	0.727393096624	0.687514889009	0.652975034742	0.669641148353	0.757735643762	0.0	0.631476225394	0.643563833617	0.631540144521	0.672301041723	0.735551430593	0.740093682073	0.739881604207	0.756985698765	0.786512608084	0.763129553971	0.697483639693	0.649216256093	0.635552626795	0.603012920943	0.755316332317	0.656576325589	0.669269240818	0.636108448689	0.719762497594	0.629014874934	0.625132043888	0.649782081593	0.652195643258	0.744176292561	0.758108051345	0.747325826221	0.730120520743	0.704851271267	0.761446972345	0.786183734125	0.646768960409	0.705703850789	0.705527308007	0.649070304884	0.714712875145	0.725695912359	0.717724432601	0.703668501814	0.739202352884	0.621022489668	0.723927326294	0.700589014798	0.66954068813	0.681693439555	0.733298637141	0.709362311783	0.703371749319	0.728058766088	0.71819139377	0.697848839348	0.696949588152	0.724985423774	0.635834319199	0.67257999312	0.716596012156	0.725870070354	0.751473574761	0.738429714576	0.753766907992	0.709060696829	0.706107692464	0.721091353609
836	0.720998222919	0.52607948638	0.711417492163	0.528548021445	0.602394440713	0.524242915436	0.460976516016	0.477262343765	0.429530469458	0.70392701486	0.734416075394	0.537606621881	0.521124654676	0.539088496786	0.535321073951	0.537075035143	0.78441242991	0.657795171449	0.586302151857	0.472383498666	0.729886948295	0.568769150319	0.731278909572	0.631476225394	0.0	0.375174404305	0.420444294444	0.3562489167	0.728900528591	0.68038394151	0.694952233605	0.679622493599	0.720110864267	0.675872003984	0.725276938355	0.332825960425	0.336603340192	0.371265309552	0.702895471851	0.448956755119	0.351511860726	0.373390432115	0.410588376156	0.347085213616	0.345059201447	0.380903448811	0.434137576214	0.694905141481	0.721009797758	0.718482075183	0.581105426597	0.565272507675	0.721863008434	0.742970579364	0.467169090531	0.547243907209	0.554777956001	0.407474460567	0.527469320518	0.533842991256	0.604392935312	0.580265348828	0.677443108798	0.544146702988	0.545858246501	0.604213090818	0.476709936889	0.424140252526	0.62801153549	0.595072253734	0.623977275578	0.612890797267	0.623391024942	0.516859344894	0.512952286925	0.56465175676	0.492399661904	0.449283095987	0.433447512689	0.552058767757	0.707252411312	0.581286139142	0.528430224045	0.505719902762	0.557659861386	0.597867941013
837	0.723501069443	0.539029213158	0.698023503453	0.532104514856	0.580612876916	0.49960620619	0.483945071046	0.4847088673	0.4583720295	0.678568421053	0.733456286094	0.510486871848	0.521462415362	0.497661789806	0.531409708871	0.470153980775	0.780490344261	0.659676458748	0.591689430566	0.490157105037	0.732566962049	0.49693250624	0.695536452901	0.643563833617	0.375174404305	0.0	0.314442184108	0.344835180971	0.737190706416	0.673909444961	0.698178667646	0.685465846683	0.718684777992	0.665889873701	0.76166328707	0.368607259564	0.361032378259	0.326651193634	0.706425637246	0.400572580276	0.408013153511	0.310489996481	0.473343167787	0.283998120534	0.311451282686	0.261611446764	0.366493358572	0.705524802818	0.723517190838	0.731604874566	0.596101261465	0.503805313353	0.719511961673	0.741112658044	0.421884430669	0.551911419226	0.505902246681	0.435252923713	0.53567205124	0.52518007527	0.551104023159	0.511541944551	0.643788456704	0.571680626061	0.542370748468	0.593879687374	0.402383988204	0.483689516493	0.570241910454	0.522024019419	0.595039794154	0.615999279041	0.648180038612	0.525270109179	0.49777816068	0.494152633149	0.378184057624	0.478021737261	0.454908190348	0.545296497704	0.696186100808	0.510837241406	0.551326494206	0.518223879546	0.508976074276	0.534696813471
838	0.703265591509	0.51082542366	0.680957658688	0.517620647703	0.570458464285	0.526639109212	0.491339847367	0.452592908015	0.46063010485	0.653202039291	0.718097878816	0.495974586546	0.543444722957	0.505528797335	0.497199227692	0.460251052815	0.761474548993	0.66153902661	0.574999316969	0.516701719857	0.710811334033	0.501670388384	0.693322096988	0.631540144521	0.420444294444	0.314442184108	0.0	0.373107136517	0.717591148734	0.672123596797	0.703871948678	0.669069593775	0.708123462708	0.664692771217	0.742794253155	0.440277408415	0.371763700881	0.367608086299	0.698850449223	0.407124413646	0.432701100827	0.367840182077	0.444864589104	0.314306702982	0.363208257027	0.29700561177	0.342332301426	0.690207146648	0.711503675713	0.717007247468	0.586794729653	0.499446064052	0.702017011148	0.733039296136	0.428080939616	0.55457036747	0.507460150068	0.461100924752	0.520775253951	0.551320583123	0.519300262328	0.498717059799	0.643064125934	0.555112044818	0.525875549649	0.601031411158	0.401866762491	0.511291719638	0.540868045748	0.547513217188	0.557158940126	0.618318426015	0.622729386158	0.554002500063	0.529272134543	0.521302580593	0.409241844818	0.503106471329	0.47844667481	0.571466632733	0.675446357807	0.503631670665	0.543809673834	0.531520630039	0.503878445345	0.523258921928
839	0.732103611122	0.569739544583	0.701206810494	0.553224292608	0.604602535834	0.540536024643	0.483214446713	0.50881637733	0.421004835786	0.715842312299	0.746200644506	0.529639023648	0.543942022205	0.567398063427	0.552473448656	0.561279357661	0.800990448483	0.668300313257	0.603130061233	0.509080653886	0.731026863329	0.570997086054	0.750589076399	0.672301041723	0.3562489167	0.344835180971	0.373107136517	0.0	0.737059324654	0.699369328689	0.706935078541	0.694930071724	0.718291640596	0.678486337222	0.725186336485	0.378318149178	0.340794079965	0.43082280599	0.699739662524	0.417266088262	0.400697838379	0.38689644665	0.384482633805	0.3814035158	0.351548976088	0.396500142067	0.446639042629	0.701377891144	0.721161272815	0.726634265767	0.594050833602	0.555692298633	0.720358164625	0.751924382622	0.486445031515	0.554435982993	0.565567618581	0.440646810466	0.554344274646	0.549651440216	0.577880092631	0.573939033993	0.687790133424	0.537377913507	0.557981605389	0.598150540641	0.484906128815	0.446041650752	0.577817262257	0.570543516046	0.633741615185	0.63644623759	0.652519914767	0.540921005324	0.519675958904	0.547845878255	0.470730865568	0.480061252043	0.431147249407	0.552920877226	0.73532570042	0.570890467022	0.547865506219	0.538620186405	0.553088515895	0.580573854653
429	0.745530742382	0.568530155141	0.737971558813	0.617951065939	0.548976245601	0.608217038927	0.609152819875	0.6415458793	0.657638887766	0.619990875588	0.555192639769	0.664990540834	0.566013983635	0.642516619616	0.555261783676	0.621549259306	0.870988612152	0.762924459518	0.577786739809	0.636312256539	0.805028382799	0.571222782036	0.5951625061	0.735551430593	0.728900528591	0.737190706416	0.717591148734	0.737059324654	0.0	0.480390786655	0.521399030837	0.542190694095	0.494889039381	0.574034110593	0.740517691501	0.712975065174	0.698189591169	0.729434765313	0.555050727805	0.756876934228	0.685081744201	0.727453732732	0.751237440914	0.732030382533	0.765396438826	0.702924180003	0.708525669635	0.495206717959	0.449045383539	0.44131043601	0.607800004697	0.625866512146	0.513863056445	0.524927944642	0.743562192323	0.606876338499	0.645108833332	0.646963118	0.653787034489	0.617544321618	0.587702018564	0.64233586111	0.689724305676	0.67261081649	0.592764432243	0.586680797238	0.663339017133	0.713739295317	0.744025008857	0.728209208068	0.619578396483	0.596635992426	0.5794435635	0.609889131949	0.63020595035	0.654634135769	0.686559746442	0.623063527762	0.719891333528	0.582570881971	0.59279478729	0.691888535104	0.705027544941	0.613370502329	0.677700890793	0.623229354891
1018	0.741159149403	0.546003087977	0.687728398341	0.510065132289	0.511697095414	0.562359934702	0.580037422258	0.575861608336	0.592218470383	0.542336364161	0.481151945103	0.612283383809	0.548782085096	0.585572801748	0.525262961647	0.595591596347	0.824632043538	0.740078060154	0.524566503854	0.601149810949	0.793076194225	0.534620329405	0.521985996906	0.740093682073	0.68038394151	0.673909444961	0.672123596797	0.699369328689	0.480390786655	0.0	0.445264922528	0.464303590117	0.456296375854	0.51264408858	0.743069839636	0.645870337694	0.651359747504	0.687852769904	0.506275438506	0.70605272365	0.645468387407	0.699639311012	0.702307386464	0.68723083775	0.723043631796	0.654964883707	0.656120498225	0.535853866076	0.506359038704	0.505936041225	0.530343215395	0.611767720927	0.482386642198	0.543896425405	0.692716072357	0.570745047963	0.627444328308	0.596313613354	0.590925913831	0.560297561454	0.578471772825	0.595701211629	0.633177487166	0.622172588719	0.558219310079	0.538584211407	0.612289323022	0.676923521801	0.661940924392	0.627103915616	0.558515896386	0.504325986709	0.489241208712	0.576866751177	0.545045070068	0.621743752835	0.618943826715	0.575404278841	0.653794475007	0.560603287394	0.558934031293	0.659434249576	0.632054029994	0.537161794867	0.683538434291	0.564938703142
1019	0.681265719972	0.532382214599	0.681890316638	0.572206539242	0.560200286535	0.556613405901	0.594296186024	0.605296432148	0.618859125154	0.527287482096	0.491411086038	0.63748227894	0.539864765838	0.612560089042	0.556762617752	0.577847772713	0.823772962227	0.732152034606	0.552559995705	0.616608195254	0.777371203452	0.57070495372	0.52534986264	0.739881604207	0.694952233605	0.698178667646	0.703871948678	0.706935078541	0.521399030837	0.445264922528	0.0	0.454336979814	0.528081527711	0.581623603188	0.713665629594	0.635265063284	0.676980217556	0.691984146847	0.569525851968	0.721928413538	0.662285537295	0.698793850186	0.712145316236	0.703127926931	0.732754402321	0.679690817261	0.679071464321	0.565541387813	0.569785227458	0.539454144131	0.527957920078	0.620199606065	0.492103163938	0.557191640012	0.685237546721	0.524872590247	0.624479040285	0.590638939813	0.588859987365	0.548776427784	0.596610733392	0.566735250166	0.618877004257	0.630936249667	0.564731333574	0.564237309604	0.620614998231	0.670105743551	0.663373262698	0.665858578725	0.596092548507	0.560910373351	0.483413247261	0.563775894979	0.57167579034	0.605470619954	0.625776842649	0.560811579431	0.663518963506	0.511520657084	0.554962168906	0.651944561774	0.619130907631	0.527798524902	0.634309224045	0.548777245796
