	1142	1143	1141	1146	1147	1144	1145	762	763	760	761	766	764	765	1148	1149	1159	1158	1154	1156	1151	1150	1153	1152	448	833	836	837	838	839	429	1018	1019	1016	1017	449	1138	442	441	440	447	844	843	842	439	436	437	434	435	432	430	431	458	459	450	451	452	453	454	455	456	457	1038	1039	1032	1033	1030	1031	1036	1037	1034	1035	757	759	758	461	460	1025	1024	1027	1026	1021	1020	1023	1022	1029	1028	1160	1161	1162	1040
1142	0.0	0.691636195839	0.472075205084	0.711620795982	0.754277827722	0.663332588123	0.707418520239	0.705430179123	0.671169369021	0.686193113098	0.713374610514	0.74742599962	0.680722054694	0.710396970374	0.719218577697	0.70533694673	0.726581057819	0.711257593382	0.789900836941	0.517047910535	0.730313122958	0.702185838384	0.539588328971	0.746082310884	0.748051291385	0.667926529169	0.732959651051	0.75794775333	0.726675582308	0.73336758876	0.73885643154	0.729831818485	0.672121944504	0.742793778509	0.751210235253	0.696026055509	0.521949823883	0.732996107486	0.719009503655	0.707436375552	0.738250601698	0.705659082143	0.741499644236	0.714484795897	0.728157286989	0.732857132757	0.716906640226	0.721047635236	0.698388838655	0.744857071604	0.749620531607	0.761728283351	0.701249151331	0.728508785949	0.718238276482	0.713526093061	0.67812865801	0.696130029759	0.706637218223	0.698038160079	0.673022851488	0.714297244405	0.703071301067	0.716441237361	0.652286084555	0.670481797112	0.693096949141	0.674270229933	0.711542875704	0.734808389335	0.689358544826	0.683699528099	0.67891783892	0.681386581401	0.737305246709	0.700668862751	0.679709136132	0.698279314242	0.678908024871	0.667392451635	0.729273807555	0.671797267336	0.673261654446	0.697310087716	0.74034642631	0.744026424529	0.68550000051	0.729160183872	0.743768883332	0.721664376624	0.728110616143
1143	0.691636195839	0.0	0.677989763134	0.437331845638	0.538426307594	0.400253764574	0.509462627925	0.425593169478	0.475786929876	0.589805419233	0.620278972684	0.480348774533	0.523768089697	0.45328895912	0.472065913329	0.498921941109	0.540101670372	0.39803590067	0.813406330257	0.634507579491	0.529319760922	0.416418376617	0.721811195968	0.516338396008	0.620616168407	0.680551614757	0.555472491326	0.523443570617	0.516596505174	0.499371181112	0.599956823919	0.585089078267	0.563234518731	0.591018329833	0.642638093301	0.635362901195	0.650890618461	0.526687799266	0.570606889367	0.533747025906	0.605239538747	0.493293782891	0.491981487621	0.556139776786	0.63286901257	0.549281688114	0.525418318334	0.573026151721	0.528967650606	0.609174210077	0.64141018648	0.65795077593	0.492412246915	0.495915335601	0.635568801335	0.610670735161	0.535508193204	0.508238930773	0.452151526393	0.466731116984	0.504189323168	0.450245773958	0.489014469207	0.514085447183	0.510085456426	0.533851159722	0.44640918847	0.541147355792	0.495921371631	0.47506282284	0.615794844126	0.549754101638	0.58938921826	0.617635811224	0.554279222652	0.482271235335	0.468212399304	0.510379425969	0.443816187467	0.475343518407	0.471636991421	0.443752062324	0.639376130127	0.563053567353	0.500513704225	0.507352678433	0.52225909939	0.501222287192	0.542007185525	0.485048995723	0.52674504504
1141	0.472075205084	0.677989763134	0.0	0.664894241838	0.730287508656	0.682953132119	0.674134662365	0.67225943292	0.635137127362	0.687656750483	0.716893239674	0.71056244695	0.673729708784	0.682504840587	0.687812827814	0.654621795218	0.658918101844	0.659270538377	0.754219319921	0.485387679212	0.656065743464	0.670654397242	0.506135441922	0.709044121743	0.718701031848	0.628202761148	0.71198657551	0.715629260469	0.692177555882	0.69613357446	0.723415998307	0.712632682924	0.669532610763	0.730490423373	0.731665337722	0.697185499704	0.454686211015	0.676420653836	0.694651121701	0.654476415312	0.728412748538	0.667387518856	0.72403004256	0.709711155096	0.706781519488	0.693472608676	0.691825591059	0.700506606318	0.658490152606	0.728045973799	0.722689900147	0.735888192107	0.665068426268	0.701997628654	0.693317328765	0.736983476186	0.637379300748	0.684266954119	0.692913024409	0.673505148159	0.667457318	0.700298490651	0.651069113492	0.683279608093	0.650120815895	0.624956129169	0.661698454472	0.638881232397	0.670680152746	0.675618741854	0.61840682762	0.566794341786	0.634721429398	0.661530296553	0.715018483539	0.66510539947	0.681882746354	0.674835779913	0.659558070035	0.665727128662	0.702117944118	0.672915447148	0.718179089191	0.682387659954	0.707971728	0.706637814909	0.711667866932	0.673028577045	0.717509915802	0.701324678788	0.672439702817
1146	0.711620795982	0.437331845638	0.664894241838	0.0	0.453818795227	0.37723880265	0.480328736181	0.40991196945	0.478628445068	0.589851528071	0.601195866201	0.460640170453	0.461796187574	0.451459097374	0.41392330269	0.47384122476	0.508973937201	0.442553286516	0.82952597249	0.619814253492	0.470789003102	0.417863980666	0.732257028334	0.448737080894	0.604269988063	0.711891760908	0.550356002372	0.511772537169	0.490465416699	0.514005440847	0.614684404419	0.574421589282	0.575853507886	0.612119893148	0.618025677895	0.589601622362	0.683469151477	0.508330916646	0.580985312896	0.50054200503	0.607239771983	0.465036506489	0.507331596902	0.546025413506	0.627511166977	0.539971259855	0.520016490583	0.542822833918	0.530620853734	0.591212954118	0.616847269057	0.639986067572	0.485708528229	0.45590931822	0.595851824617	0.619116283244	0.556461323984	0.479424623542	0.423435322227	0.460600879098	0.448428869772	0.472312517496	0.471101721325	0.481980369325	0.571679899139	0.577384915153	0.401148724652	0.558471082966	0.516075568213	0.496576547319	0.601237974588	0.520519794255	0.572815736262	0.606729177047	0.55543488756	0.417824725729	0.438213341345	0.54169377589	0.479896816448	0.458481246819	0.438186383288	0.444017097145	0.615013688753	0.54215353658	0.495031506781	0.416328998105	0.532470438306	0.462981437723	0.521850419915	0.439257336829	0.529022952878
1147	0.754277827722	0.538426307594	0.730287508656	0.453818795227	0.0	0.485040348952	0.557878316542	0.472219506412	0.560376101366	0.589286778288	0.613285875827	0.568539954688	0.479775511176	0.519611972252	0.429901900594	0.476131316782	0.57615021807	0.530218338261	0.860710096664	0.696374587347	0.463729278516	0.521530050109	0.800345705208	0.437505521654	0.601970900175	0.746761711924	0.59001185039	0.588144041877	0.578981123017	0.583510864934	0.557739795529	0.563966482027	0.596711328513	0.611923841262	0.584783797559	0.574869063967	0.716762388139	0.556814252908	0.638635131708	0.571089954505	0.600945389172	0.558769576497	0.58088161549	0.613490141737	0.679224795251	0.577784298706	0.594802168807	0.609858024721	0.587969120767	0.592948441282	0.590375883181	0.586078194736	0.546298180163	0.526006361456	0.590005596524	0.607121507821	0.617482247683	0.518748639779	0.482742756743	0.554013676544	0.484149038223	0.505627590578	0.542288767321	0.581221574135	0.61879607598	0.63405910607	0.510594995682	0.595003369107	0.563079713646	0.588003090976	0.644306601102	0.635270559017	0.598647848031	0.610552106794	0.569800019566	0.480084436935	0.49460901568	0.591811570635	0.572917119013	0.527291902736	0.549676509396	0.484034664987	0.595356096284	0.586658931629	0.538550923636	0.444366316627	0.571224877128	0.498274087858	0.485829147169	0.42908756952	0.527704208814
1144	0.663332588123	0.400253764574	0.682953132119	0.37723880265	0.485040348952	0.0	0.492424183257	0.390943887474	0.489194954183	0.5648933563	0.580075117828	0.468362928359	0.455097391489	0.450022274364	0.393291396407	0.467338946613	0.545503591656	0.408094500387	0.813963002358	0.643339830375	0.481148919852	0.399990155045	0.752931706411	0.486425067833	0.615860854839	0.709529790555	0.54265681203	0.511254079496	0.465635512316	0.538646096472	0.6056706027	0.563683282283	0.544329842726	0.58291675817	0.622915182213	0.620866870913	0.676759074959	0.504932860612	0.559237307767	0.496021010785	0.607006126373	0.491455619208	0.520155820216	0.524883763397	0.622454946574	0.558609071274	0.516147705036	0.571831769647	0.519874929081	0.605661575879	0.628688535994	0.651691349338	0.475982068015	0.458244625885	0.618868174412	0.622687460135	0.542310964065	0.435154264928	0.397425556273	0.498036232421	0.410656079368	0.393228297674	0.482880907558	0.424364435651	0.557865989755	0.580242277824	0.423825955527	0.525138130673	0.507163864366	0.501725626757	0.617189927355	0.526566099527	0.596232615445	0.592102532013	0.527431017501	0.382916060078	0.369771476662	0.502039564602	0.459044388948	0.410117691603	0.451710160464	0.392985187637	0.602458708025	0.555028185694	0.501077796436	0.425611399531	0.485014760461	0.474689345316	0.480775071576	0.453744768294	0.516326945339
1145	0.707418520239	0.509462627925	0.674134662365	0.480328736181	0.557878316542	0.492424183257	0.0	0.500605132545	0.466295018436	0.654768551193	0.681597813569	0.515113381102	0.549628367183	0.51237937597	0.499630237254	0.477816209478	0.483389034066	0.510393186681	0.810894362161	0.603699665981	0.522165137442	0.488047404632	0.71994530488	0.525459481913	0.677724275635	0.633708144948	0.535212093787	0.513483899455	0.415498321827	0.550316703323	0.661181017116	0.639321627214	0.631250461925	0.66148840884	0.681212845914	0.679556596243	0.711220050517	0.478839304084	0.484577516284	0.431158472137	0.649198820327	0.536173340025	0.513682449951	0.558995040602	0.542312118937	0.448194405339	0.50293080017	0.477320494484	0.474684325664	0.614983860249	0.654587423482	0.662936959459	0.57640946882	0.509044463872	0.662192567679	0.662444229775	0.502530504562	0.49522563114	0.443893090337	0.38672484959	0.507427343558	0.503155932158	0.482360573879	0.504059219352	0.614454290821	0.519044771657	0.440871751977	0.536926721057	0.421731935842	0.51170273249	0.567654479932	0.53783241187	0.597948283665	0.6384610751	0.625806506545	0.484171329074	0.531480064675	0.478852342786	0.456615602301	0.524077460803	0.520150853322	0.533309843714	0.69181680977	0.53687240619	0.587345394049	0.481029128849	0.518173179551	0.446800653268	0.569915641598	0.527492018041	0.553502986308
762	0.705430179123	0.425593169478	0.67225943292	0.40991196945	0.472219506412	0.390943887474	0.500605132545	0.0	0.430160511084	0.606028308506	0.622866037235	0.43968989435	0.463723849618	0.403491966228	0.43044605169	0.455880108845	0.476853935677	0.45056355979	0.788767752306	0.612092150619	0.461511179468	0.412729197927	0.722702008276	0.485893384256	0.62197453053	0.70122206109	0.518987361366	0.480612993714	0.483750993491	0.48484955894	0.647200476228	0.574481521957	0.619484803782	0.59982993362	0.642306943429	0.609796442994	0.627566166575	0.445235041476	0.554254721753	0.486293485964	0.629207819815	0.477208209359	0.466401852146	0.518608744714	0.587163882516	0.483186705613	0.486456895773	0.540908380676	0.503469154179	0.61764850726	0.661507007766	0.667500897786	0.461736182399	0.44300062987	0.622039204581	0.638098260836	0.531956041502	0.455808438051	0.370347686733	0.482626252062	0.430347593583	0.438762327126	0.503374364846	0.49510737342	0.530706299813	0.543271964381	0.460906189791	0.517588627311	0.459476365577	0.453443094251	0.56233104914	0.565108924569	0.581916587142	0.612957273643	0.545332582954	0.427042924418	0.406494815668	0.523629437529	0.410136752428	0.421784366922	0.398894701076	0.4375058278	0.632587180317	0.533421974213	0.530710666676	0.465364167529	0.515677632096	0.4521577009	0.458069012452	0.448672756704	0.510475206881
763	0.671169369021	0.475786929876	0.635137127362	0.478628445068	0.560376101366	0.489194954183	0.466295018436	0.430160511084	0.0	0.633018256004	0.665418857413	0.493987235091	0.512048953438	0.467702784158	0.497221767314	0.445993073421	0.478142858012	0.493453613827	0.776211984524	0.529812500968	0.464031593005	0.459098802798	0.694612469347	0.539569526158	0.669737833196	0.671564951988	0.457441135822	0.4257659506	0.431659163351	0.457714076664	0.689949458372	0.63792730166	0.651286625316	0.648311050159	0.680881302339	0.624930035412	0.622302684872	0.393467907029	0.484737111705	0.465737540265	0.662115656449	0.466916564587	0.401357266996	0.518866902045	0.459799152271	0.472415670765	0.431569359922	0.493049822962	0.441460548318	0.647880337176	0.667637124647	0.674630991833	0.47941683588	0.478547223742	0.668612859925	0.658457111555	0.474056171118	0.532301307021	0.431611812853	0.474758591981	0.46151840034	0.531743955068	0.503719038952	0.552732805635	0.504167893342	0.471965887314	0.442098560217	0.565091048461	0.467868754325	0.440891041294	0.540307523421	0.553255205764	0.591709428662	0.630397417508	0.639918608038	0.517956537186	0.484446687904	0.495425141497	0.442928483212	0.450845767651	0.405817248038	0.463661532082	0.640847525168	0.494435511317	0.568660139149	0.50750386405	0.532368112431	0.535337425517	0.592299510693	0.522807554648	0.519169602332
760	0.686193113098	0.589805419233	0.687656750483	0.589851528071	0.589286778288	0.5648933563	0.654768551193	0.606028308506	0.633018256004	0.0	0.443846542594	0.635607643251	0.554626398799	0.577635872468	0.538547523763	0.556848423662	0.623863582963	0.576493224041	0.844148276545	0.666707581129	0.62081841886	0.61212718052	0.784781020097	0.590478737149	0.51780055437	0.750628628903	0.722049614285	0.686432399905	0.671552265831	0.693121050754	0.607780136913	0.551122061179	0.522236600595	0.547672066609	0.512520881229	0.531285804761	0.668921557419	0.676301970287	0.73658996037	0.696735582553	0.538597425121	0.701539859702	0.687954626285	0.684651533018	0.766738298301	0.722663328111	0.717382785649	0.732189873692	0.680607112283	0.647198898534	0.558025563034	0.624052166472	0.548280043766	0.656594443338	0.492715525542	0.539973513581	0.677011522253	0.635903409345	0.594369756937	0.643848323147	0.566965252098	0.565582757892	0.57079465112	0.594874911585	0.588422991399	0.663167718864	0.572655248768	0.588324970872	0.669840073848	0.671712897578	0.601492905706	0.652866646157	0.546585160727	0.524158930362	0.54150847792	0.570090628427	0.58921475058	0.652347372902	0.618149395182	0.543343324507	0.644395689146	0.564559603814	0.50770763393	0.645578568428	0.568385903799	0.608423797112	0.653936621964	0.595507846624	0.559472623976	0.554712918157	0.58572910805
761	0.713374610514	0.620278972684	0.716893239674	0.601195866201	0.613285875827	0.580075117828	0.681597813569	0.622866037235	0.665418857413	0.443846542594	0.0	0.635817475665	0.556260350518	0.563656574473	0.594279111726	0.603927434444	0.656410026165	0.614561635659	0.848133790885	0.720165086171	0.607094288817	0.624825342571	0.819783325216	0.581563052095	0.475038194065	0.798569222039	0.738929136323	0.700543008281	0.693464842983	0.71154086864	0.577254415828	0.496238128084	0.48345781606	0.492285723311	0.460504038777	0.526248908828	0.735092813648	0.686991384254	0.75216580121	0.705051880879	0.466490561323	0.697490300255	0.704792077081	0.714620140595	0.781263139343	0.726861167438	0.725001109891	0.743516702704	0.697234942802	0.631415995806	0.561059870119	0.597592425006	0.578733460515	0.632103848032	0.482637740192	0.489085289854	0.70420453332	0.600904325138	0.645453745054	0.685649713386	0.580705953664	0.581090081111	0.583474919224	0.617857559907	0.577442443158	0.694735644259	0.576591338942	0.537402634668	0.698339942267	0.684936984129	0.660042988556	0.674711079462	0.569940667778	0.474674285151	0.471879093967	0.552990745821	0.607285715323	0.673546762339	0.6526025885	0.579563644718	0.678793901803	0.600502862299	0.469035153433	0.633940801263	0.602734818031	0.568659969126	0.675606905807	0.611228693002	0.581505751809	0.58397240679	0.603953653361
766	0.74742599962	0.480348774533	0.71056244695	0.460640170453	0.568539954688	0.468362928359	0.515113381102	0.43968989435	0.493987235091	0.635607643251	0.635817475665	0.0	0.532182786565	0.492511126701	0.495822934566	0.482750616247	0.511049086005	0.476883240451	0.756154721594	0.660450465334	0.531617197354	0.422296907982	0.767417296794	0.503822477809	0.629744483002	0.75028543903	0.571096163774	0.501514455458	0.458938410012	0.528204716656	0.655598423469	0.604976859179	0.616998833886	0.611613840773	0.636201864961	0.63962357324	0.6800935029	0.521982506254	0.590012307405	0.528069360956	0.628625999761	0.531678226186	0.499370656589	0.564943519724	0.612512040157	0.508964344716	0.530523191212	0.569374675986	0.546734807072	0.624782834085	0.652311902891	0.653536940192	0.529296273311	0.494516240984	0.637916035292	0.648421880086	0.544196672824	0.556463725593	0.479804517916	0.547881876305	0.492447472582	0.458645969657	0.494455128008	0.505539018121	0.585904497772	0.588159401925	0.456734610905	0.546586192273	0.540571551558	0.411864686707	0.588764386198	0.551980643456	0.637550194514	0.6467681291	0.60201549452	0.491711970471	0.512346622309	0.53312114954	0.510576264527	0.503262029169	0.380883289025	0.513294932574	0.649110026488	0.544372680981	0.533727759222	0.464280849117	0.56675813623	0.48963148923	0.555305643529	0.502479205939	0.548486603397
764	0.680722054694	0.523768089697	0.673729708784	0.461796187574	0.479775511176	0.455097391489	0.549628367183	0.463723849618	0.512048953438	0.554626398799	0.556260350518	0.532182786565	0.0	0.399484901273	0.476409411079	0.491859777213	0.556592550731	0.500269156563	0.804637914631	0.612299262597	0.527149693663	0.500683791381	0.754080807446	0.524237367235	0.596172183192	0.736836132179	0.592407092453	0.577814751326	0.545668361212	0.578352201962	0.611378120916	0.5295569966	0.571354565149	0.565215703156	0.580264848455	0.611243678995	0.67410651348	0.549183514031	0.612429276386	0.542406043536	0.593259794882	0.54864670952	0.544649503392	0.571275323961	0.652178035278	0.569852557289	0.566089077901	0.593515047817	0.540273667288	0.632655787751	0.635206925175	0.633614441531	0.514717850914	0.448448707771	0.594239704613	0.589557978621	0.542091752465	0.496216334146	0.463134423833	0.535833786194	0.464957115019	0.518209701477	0.489391511215	0.551636775051	0.476241803741	0.604854967919	0.471602672503	0.502924298499	0.557448256267	0.554137908957	0.582192703867	0.570528666853	0.604234789082	0.536529464913	0.540831446398	0.5073171297	0.46467340348	0.543910173631	0.533884319186	0.44716909141	0.518786030742	0.445592177799	0.572814221447	0.568331726386	0.542887618341	0.496127247735	0.584504107336	0.514931580007	0.519243852255	0.478516952507	0.550035218888
765	0.710396970374	0.45328895912	0.682504840587	0.451459097374	0.519611972252	0.450022274364	0.51237937597	0.403491966228	0.467702784158	0.577635872468	0.563656574473	0.492511126701	0.399484901273	0.0	0.455456257102	0.493839496924	0.521066339423	0.45431358954	0.803597046254	0.615312646524	0.528095847677	0.466914121647	0.754192364491	0.480498577674	0.553473756213	0.716277946922	0.559378777611	0.524273615224	0.514390689328	0.527806990679	0.617551001728	0.499066981125	0.600197308189	0.561948596532	0.578283340724	0.58922035419	0.643399708839	0.507880115771	0.57155830565	0.504473108958	0.569976170198	0.533225650603	0.509723403417	0.536073050398	0.620022870228	0.549080506028	0.524867247681	0.550251994901	0.464720905744	0.602510481697	0.624771828799	0.633012600912	0.508239864788	0.404869707937	0.61048800924	0.596549598852	0.541755269837	0.453327867448	0.415412952204	0.525569657933	0.431674909792	0.445339898706	0.444538312378	0.520209952501	0.459572738419	0.535213127221	0.396276659429	0.443812426232	0.517540484721	0.491891575351	0.524607400471	0.598183286388	0.596827207418	0.524200167567	0.536831381868	0.454881143907	0.453661130978	0.533574744731	0.479145527861	0.454074976135	0.482236603163	0.461054993035	0.579041993277	0.508023438444	0.535871278778	0.47775126147	0.557851101448	0.486451976495	0.501647613201	0.459009747375	0.488848443502
1148	0.719218577697	0.472065913329	0.687812827814	0.41392330269	0.429901900594	0.393291396407	0.499630237254	0.43044605169	0.497221767314	0.538547523763	0.594279111726	0.495822934566	0.476409411079	0.455456257102	0.0	0.425495071068	0.513871910107	0.435555254164	0.824073158852	0.645689027315	0.423144651561	0.426487241033	0.756562193977	0.393856237446	0.547825808663	0.696763573365	0.552080036795	0.529450448944	0.486651806174	0.565967543898	0.560477026497	0.508928792154	0.558894023028	0.546277148975	0.552796162942	0.557221746168	0.690363975777	0.494195819678	0.587223973215	0.506767962302	0.588760647731	0.527314374199	0.531098798298	0.568514177493	0.638171632733	0.56020384953	0.548846014841	0.576200162952	0.536903277797	0.555909439788	0.570295741937	0.589097842101	0.467711159605	0.457969919148	0.567283310259	0.595381568036	0.550369697149	0.494476848835	0.406347343411	0.475755448109	0.459115007408	0.421360938724	0.454674150057	0.495869507715	0.574743480655	0.58549559156	0.404427805036	0.536051883173	0.494737408778	0.532865769406	0.595861949629	0.59103122717	0.564933727149	0.613911328666	0.519754580896	0.444868565145	0.454876409663	0.512104891258	0.496345538383	0.474342100566	0.508805596652	0.450981340835	0.604150936505	0.559290713931	0.482805715583	0.405167114206	0.558793371328	0.418977021967	0.48984290284	0.394812157615	0.513801297513
1149	0.70533694673	0.498921941109	0.654621795218	0.47384122476	0.476131316782	0.467338946613	0.477816209478	0.455880108845	0.445993073421	0.556848423662	0.603927434444	0.482750616247	0.491859777213	0.493839496924	0.425495071068	0.0	0.521887848181	0.463577765675	0.782359325098	0.622329619818	0.419585669603	0.485964169671	0.730885438393	0.464840894203	0.599569782347	0.696728905937	0.557031382288	0.513706051744	0.516633119546	0.544641531685	0.625661764976	0.574185984808	0.577055277281	0.542678898049	0.617869560569	0.592525333267	0.660473123551	0.468602540327	0.576943867535	0.499157752944	0.641147145787	0.526976850855	0.547779092909	0.535594935052	0.570896410617	0.554028926786	0.528715624752	0.557646010783	0.55641553713	0.576273026178	0.603208240439	0.601441430364	0.415671614177	0.500462727012	0.580507180673	0.587892916239	0.517049644815	0.511316382348	0.445381047322	0.50280082047	0.500002396817	0.450455861604	0.486162840684	0.539745521264	0.536426372051	0.594816836647	0.464941539767	0.534406039496	0.52669153248	0.539861377457	0.590163046622	0.538505797137	0.597159940209	0.597714311775	0.553039381008	0.471534211361	0.473140724538	0.500407845744	0.502218885447	0.48794418576	0.504713657202	0.461875157543	0.603156004808	0.537547898923	0.486887282798	0.484761371283	0.559027373326	0.471042165456	0.471425148696	0.464986811674	0.442647584889
1159	0.726581057819	0.540101670372	0.658918101844	0.508973937201	0.57615021807	0.545503591656	0.483389034066	0.476853935677	0.478142858012	0.623863582963	0.656410026165	0.511049086005	0.556592550731	0.521066339423	0.513871910107	0.521887848181	0.0	0.464380043009	0.73228562531	0.59219627001	0.529593984112	0.492660863278	0.704312341726	0.569390559375	0.662556304809	0.629029079552	0.533707693613	0.453239649805	0.451108686501	0.510790091875	0.700076212865	0.643601921048	0.658499955208	0.641482828913	0.689191383619	0.66931922803	0.686195237973	0.42685669276	0.480074147743	0.454882646339	0.683947390774	0.522777445309	0.468696209737	0.567039975965	0.525217976491	0.473375199274	0.490251354416	0.473689760804	0.478370031845	0.660509014785	0.710193580255	0.678884769239	0.49216490063	0.514254682586	0.68127890897	0.711415042978	0.527717402374	0.488708325015	0.510407968759	0.466168892891	0.492780694112	0.510060373331	0.522065490095	0.545499280793	0.619228473886	0.509283206954	0.535581123579	0.57476279414	0.482608413279	0.472491456335	0.519403831271	0.529076842573	0.591178709295	0.605230488382	0.602032126078	0.530537074255	0.527769669282	0.519618169754	0.479225891908	0.539518073549	0.451845487564	0.54750081958	0.69949938607	0.551560959837	0.537836261287	0.556591491863	0.576956460945	0.453994256642	0.560363552681	0.569567986425	0.524303101688
1158	0.711257593382	0.39803590067	0.659270538377	0.442553286516	0.530218338261	0.408094500387	0.510393186681	0.45056355979	0.493453613827	0.576493224041	0.614561635659	0.476883240451	0.500269156563	0.45431358954	0.435555254164	0.463577765675	0.464380043009	0.0	0.771469517776	0.622022312007	0.502695088087	0.433819916371	0.735465334593	0.512003263299	0.594054906667	0.670439758378	0.514607491667	0.458140759567	0.445147957035	0.507157444605	0.64627913568	0.588209011022	0.618472140265	0.591361713403	0.625118358535	0.611334979737	0.674536236123	0.440569809454	0.519271798233	0.487609966388	0.623378674873	0.483481924967	0.46473205871	0.521205665121	0.609532951049	0.50273494628	0.473397759297	0.551520815084	0.494415540239	0.609320291548	0.626326393882	0.669588221168	0.490907019567	0.487180264714	0.640624189208	0.665939494533	0.513444464475	0.549939181802	0.452002548264	0.497957191171	0.4950862813	0.460953003525	0.499398896359	0.496109833872	0.514967348736	0.530433410553	0.441503887668	0.541107199567	0.500032201028	0.440892588471	0.48331974583	0.498531197019	0.588230513419	0.577502066014	0.545495555884	0.478326309452	0.502020885907	0.508394611154	0.503476045919	0.511608369364	0.439228759072	0.443670005292	0.629711905763	0.560789839909	0.439319749098	0.458346338764	0.573759470924	0.443920053789	0.480179459801	0.511301971325	0.504390295813
1154	0.789900836941	0.813406330257	0.754219319921	0.82952597249	0.860710096664	0.813963002358	0.810894362161	0.788767752306	0.776211984524	0.844148276545	0.848133790885	0.756154721594	0.804637914631	0.803597046254	0.824073158852	0.782359325098	0.73228562531	0.771469517776	0.0	0.754299706551	0.793146319195	0.793726204205	0.740301366199	0.859698372173	0.841365524803	0.798171907653	0.806576343972	0.808752416167	0.821299021399	0.818057906655	0.890516231154	0.851031104808	0.863629982738	0.828453462543	0.867963297523	0.86011028974	0.779539970508	0.769141034856	0.793126358239	0.803165796399	0.860777845874	0.811073273597	0.820689446456	0.810308590547	0.776640014267	0.806567071273	0.797429606304	0.81252755834	0.82304366455	0.849950964367	0.880587738265	0.873222575255	0.786386161224	0.794227362855	0.857347969422	0.854097778592	0.695077987285	0.789398405771	0.805351528733	0.799923374327	0.834866226679	0.802323432001	0.819224732635	0.793302804733	0.780400701445	0.794029020586	0.83299634583	0.804310974069	0.78918584839	0.732122145877	0.747996568469	0.720223925195	0.816680225627	0.787237364017	0.807963412891	0.81684728449	0.796650242493	0.766613787178	0.800722477919	0.833372844936	0.771989637176	0.823206603511	0.844428390349	0.831265388208	0.808142460239	0.846840471498	0.831980532307	0.768100878068	0.817546743609	0.841701839059	0.8087448814
1156	0.517047910535	0.634507579491	0.485387679212	0.619814253492	0.696374587347	0.643339830375	0.603699665981	0.612092150619	0.529812500968	0.666707581129	0.720165086171	0.660450465334	0.612299262597	0.615312646524	0.645689027315	0.622329619818	0.59219627001	0.622022312007	0.754299706551	0.0	0.66181631901	0.600111092796	0.454405527782	0.65899874732	0.719872373238	0.633662094478	0.657556493774	0.637496998713	0.60478158799	0.639386517008	0.724021485596	0.688527240607	0.692705379603	0.726219445784	0.726925440477	0.68697882049	0.498471012528	0.614276551186	0.629054228692	0.600698362822	0.724487656566	0.657272113278	0.606061956283	0.640146022097	0.616801657352	0.622390533193	0.627626381333	0.628652282226	0.593768432601	0.703688600731	0.716063719073	0.727996367893	0.630504627719	0.639259474938	0.70069426885	0.72385134722	0.583349023459	0.652991588469	0.605257616459	0.583570078451	0.610509619482	0.672481717398	0.599838408094	0.647360203039	0.582948867282	0.586069313892	0.601696531209	0.573052644573	0.620513344545	0.621027877898	0.557380555637	0.618260376435	0.625560642987	0.669956646242	0.704146073361	0.653156284277	0.624423303596	0.633373400285	0.578779821482	0.608104604133	0.586172148853	0.613597427869	0.690458370189	0.606327931395	0.678666662462	0.660290263189	0.641566631236	0.63565663528	0.701809883762	0.65135338582	0.655120789384
1151	0.730313122958	0.529319760922	0.656065743464	0.470789003102	0.463729278516	0.481148919852	0.522165137442	0.461511179468	0.464031593005	0.62081841886	0.607094288817	0.531617197354	0.527149693663	0.528095847677	0.423144651561	0.419585669603	0.529593984112	0.502695088087	0.793146319195	0.66181631901	0.0	0.495390078918	0.755657250582	0.461959089129	0.598599822262	0.725965920002	0.597040877337	0.545860775023	0.564015709687	0.589561851629	0.609802119254	0.590469453748	0.56603824278	0.5802974514	0.62436854516	0.593975252259	0.704100987303	0.49425889145	0.632306468056	0.56101250011	0.613387060843	0.535311265261	0.574626525894	0.6205668057	0.611715818724	0.563237164172	0.57847046501	0.600970124518	0.575343601984	0.565594269418	0.593919227213	0.588311148964	0.485503552507	0.517792841204	0.600331224978	0.601932798927	0.556241735803	0.515407049232	0.478341477876	0.537021003997	0.485620655503	0.46996283198	0.537218727342	0.521579309831	0.586125458039	0.613662403228	0.486280941621	0.578777456174	0.509397230329	0.581129622661	0.610957086999	0.576878816861	0.592181051901	0.603289670424	0.527620932687	0.437590977217	0.497263957577	0.517780674208	0.5546767589	0.512140718662	0.548459424794	0.501421157234	0.586263763477	0.529163177942	0.530420952271	0.446347361788	0.595522966171	0.469237914836	0.495461079881	0.465535231081	0.492030077457
1150	0.702185838384	0.416418376617	0.670654397242	0.417863980666	0.521530050109	0.399990155045	0.488047404632	0.412729197927	0.459098802798	0.61212718052	0.624825342571	0.422296907982	0.500683791381	0.466914121647	0.426487241033	0.485964169671	0.492660863278	0.433819916371	0.793726204205	0.600111092796	0.495390078918	0.0	0.712855921234	0.491757044865	0.628965412679	0.677773915575	0.494624234634	0.48735662868	0.474235861803	0.494513263976	0.623482056797	0.566086944133	0.614028730648	0.61907728609	0.650887665295	0.626514447655	0.655840138519	0.478408002807	0.545388907944	0.504609266375	0.618621326914	0.494950835458	0.481859521098	0.521473125591	0.596753395546	0.511714969058	0.490518071944	0.556060003551	0.528280914562	0.596364161448	0.640289412897	0.651911662365	0.482982125973	0.474408240617	0.615241488268	0.655053090421	0.525862774537	0.52813876274	0.405692470307	0.465345567015	0.475859271974	0.457143911817	0.496517378199	0.512729096493	0.549301075211	0.54787500272	0.425821568622	0.529399361022	0.49149315144	0.469509903792	0.587505409526	0.54905830041	0.608410988834	0.628766975003	0.558383404257	0.47118437864	0.482015443261	0.530820848325	0.462733385798	0.47239691281	0.413138535548	0.470714257392	0.635821765886	0.569609281717	0.535163432074	0.477737875902	0.54854562392	0.507946785967	0.573322422614	0.473457717481	0.54579015845
1153	0.539588328971	0.721811195968	0.506135441922	0.732257028334	0.800345705208	0.752931706411	0.71994530488	0.722702008276	0.694612469347	0.784781020097	0.819783325216	0.767417296794	0.754080807446	0.754192364491	0.756562193977	0.730885438393	0.704312341726	0.735465334593	0.740301366199	0.454405527782	0.755657250582	0.712855921234	0.0	0.764749294129	0.825555926116	0.646419023573	0.721000313469	0.752759506129	0.744690553917	0.721860874273	0.808287029516	0.797924337934	0.790087577333	0.801241645888	0.828660308359	0.782516633167	0.54957078079	0.738302398757	0.703716459184	0.710842779366	0.819407809854	0.721782299084	0.723780168121	0.716246439624	0.714638328608	0.731829042117	0.697601812141	0.722126155322	0.735989103287	0.769654261523	0.816145250069	0.81362062228	0.718514811144	0.742603325354	0.797363641533	0.810624945466	0.680928934965	0.759230103906	0.74239574756	0.699840313192	0.754850495959	0.764925895026	0.739229699704	0.755802087772	0.717578690317	0.713944805437	0.750867108685	0.708354254744	0.716027252134	0.720377212327	0.743102548869	0.726451619343	0.743774978137	0.800929002869	0.795817626636	0.749724852721	0.743502830883	0.752639667963	0.699707975009	0.741066550809	0.721386918207	0.766292012513	0.802396507348	0.76124966101	0.778010817395	0.772503571503	0.751456901513	0.7491516551	0.798262004469	0.744252887112	0.750979628643
1152	0.746082310884	0.516338396008	0.709044121743	0.448737080894	0.437505521654	0.486425067833	0.525459481913	0.485893384256	0.539569526158	0.590478737149	0.581563052095	0.503822477809	0.524237367235	0.480498577674	0.393856237446	0.464840894203	0.569390559375	0.512003263299	0.859698372173	0.65899874732	0.461959089129	0.491757044865	0.764749294129	0.0	0.551023146761	0.704249634991	0.582752362909	0.549381682399	0.54046414206	0.5844658205	0.554648136911	0.500617272144	0.544347720627	0.565015024906	0.543988522379	0.562364676193	0.71624363069	0.547350436518	0.609371979259	0.547493649571	0.569850907457	0.544280509361	0.564812689301	0.597979331273	0.649777919352	0.553550742016	0.559954132415	0.596418069147	0.573423378586	0.537271109079	0.527305297047	0.565833118488	0.523491587215	0.472268338887	0.559122994139	0.584419415986	0.576568932577	0.524494254993	0.485948048797	0.528159701556	0.476814715436	0.441546368962	0.466238665681	0.539124726623	0.610956620053	0.593022466814	0.432722671098	0.516139341008	0.531641246025	0.563300785204	0.615318720433	0.594748380452	0.551844889381	0.612841433808	0.533796084455	0.48828296803	0.519859179148	0.563821256022	0.546372009282	0.503925673313	0.540297540197	0.488519165735	0.589576424302	0.562577922806	0.541636119764	0.4182920679	0.592819928613	0.475374932129	0.466472450456	0.417878034482	0.509282569198
448	0.748051291385	0.620616168407	0.718701031848	0.604269988063	0.601970900175	0.615860854839	0.677724275635	0.62197453053	0.669737833196	0.51780055437	0.475038194065	0.629744483002	0.596172183192	0.553473756213	0.547825808663	0.599569782347	0.662556304809	0.594054906667	0.841365524803	0.719872373238	0.598599822262	0.628965412679	0.825555926116	0.551023146761	0.0	0.762471630738	0.716017473773	0.695131867099	0.692808130356	0.706411181659	0.547511635129	0.449945415706	0.524967830281	0.514578303355	0.418205460085	0.496516196465	0.718465292329	0.674534664873	0.75675428596	0.695311843115	0.449236183686	0.692742417128	0.688898855755	0.70622656315	0.773481862516	0.718121548868	0.734199727386	0.732089927463	0.683434656888	0.59062413311	0.476879833694	0.562474628199	0.604346160468	0.622152999784	0.445542564594	0.464450889601	0.693905078263	0.62192023905	0.625506747352	0.679264240096	0.606924006323	0.558867774781	0.570478362655	0.615301168424	0.607437151943	0.677086385506	0.547114974403	0.571108607831	0.675721143627	0.692050238937	0.65266867802	0.685377637778	0.543296868122	0.490856151758	0.548098651315	0.583189592377	0.618558389813	0.658061164009	0.673570063777	0.609581981518	0.679246971802	0.592539866404	0.469284074255	0.644319674284	0.626377547565	0.57773699507	0.696165809932	0.594318838471	0.574511476676	0.560699916628	0.621858578728
833	0.667926529169	0.680551614757	0.628202761148	0.711891760908	0.746761711924	0.709529790555	0.633708144948	0.70122206109	0.671564951988	0.750628628903	0.798569222039	0.75028543903	0.736836132179	0.716277946922	0.696763573365	0.696728905937	0.629029079552	0.670439758378	0.798171907653	0.633662094478	0.725965920002	0.677773915575	0.646419023573	0.704249634991	0.762471630738	0.0	0.609131198432	0.660723546699	0.661196251724	0.668052380291	0.752315597879	0.732091092686	0.754612060299	0.766712476978	0.771986302692	0.76243304801	0.675994555016	0.662147082974	0.618340285019	0.626941404102	0.764027682524	0.64258501163	0.669344933389	0.680733056015	0.662106046902	0.662590302562	0.616649905283	0.623823558449	0.666692212544	0.725384847676	0.749344531718	0.763559335289	0.735716073023	0.68415096031	0.765463692541	0.782288161651	0.66005340784	0.689563297327	0.676465859674	0.633976977403	0.709812862843	0.717699901229	0.712808946745	0.726958797442	0.740086520663	0.601112016489	0.710237499838	0.709374236786	0.653508885718	0.676646058524	0.719004007571	0.688436636968	0.696866684116	0.761634838757	0.74487468044	0.716373758119	0.712641742047	0.711978794478	0.663803183272	0.720040198841	0.719898889133	0.73558008282	0.770134164116	0.747156490581	0.745704604205	0.731079935205	0.719837700006	0.698207621748	0.745278049435	0.719664236158	0.72157944264
836	0.732959651051	0.555472491326	0.71198657551	0.550356002372	0.59001185039	0.54265681203	0.535212093787	0.518987361366	0.457441135822	0.722049614285	0.738929136323	0.571096163774	0.592407092453	0.559378777611	0.552080036795	0.557031382288	0.533707693613	0.514607491667	0.806576343972	0.657556493774	0.597040877337	0.494624234634	0.721000313469	0.582752362909	0.716017473773	0.609131198432	0.0	0.382671799542	0.4620963815	0.39454952427	0.747969177923	0.701161356192	0.703409124063	0.723816004793	0.734875280466	0.721419348155	0.708656120454	0.354023430882	0.402133071142	0.430670162404	0.716914630992	0.373444695896	0.392589261196	0.44015574535	0.45171257628	0.459831259708	0.343582440457	0.421476818997	0.447062871949	0.713455778329	0.747630850591	0.758047164522	0.584672595029	0.530772227466	0.748981049763	0.755945105871	0.578476630121	0.57623644825	0.476514584516	0.521510252717	0.519604951443	0.572068519724	0.627237796181	0.601387660407	0.650533525454	0.552338623159	0.544046738756	0.661887663413	0.514537298555	0.471971816596	0.633083742652	0.626808263949	0.689085121552	0.703931283088	0.676642760066	0.582694909415	0.52962894257	0.588593809675	0.514050623495	0.542049312293	0.460604409649	0.554875143208	0.737943307376	0.621061962209	0.590275239777	0.553323386763	0.577069056889	0.601494253993	0.627361588441	0.618114339958	0.631920604039
837	0.75794775333	0.523443570617	0.715629260469	0.511772537169	0.588144041877	0.511254079496	0.513483899455	0.480612993714	0.4257659506	0.686432399905	0.700543008281	0.501514455458	0.577814751326	0.524273615224	0.529450448944	0.513706051744	0.453239649805	0.458140759567	0.808752416167	0.637496998713	0.545860775023	0.48735662868	0.752759506129	0.549381682399	0.695131867099	0.660723546699	0.382671799542	0.0	0.412604882616	0.37106692448	0.733273615338	0.689477091596	0.681648880324	0.685141708948	0.716146248033	0.70611783953	0.700276955358	0.320452274348	0.390188079517	0.408727960952	0.700483706721	0.357751028221	0.3185220549	0.469355150028	0.464814103581	0.415608417663	0.3520209754	0.42765377328	0.433533044052	0.681721804155	0.724902528205	0.707009198568	0.544189189017	0.476857904438	0.714525772956	0.739942148247	0.566640306102	0.568225526131	0.449049672445	0.471742482244	0.494606419376	0.533279179434	0.593009198564	0.56434615368	0.629689441143	0.533113743554	0.528918521059	0.655446962244	0.486818483462	0.45038280021	0.568095492911	0.581288103538	0.620686194967	0.673742596072	0.617464483173	0.525366921823	0.512989126033	0.533258893985	0.498261492553	0.497805433052	0.410676665607	0.534405267901	0.713923775302	0.58942559211	0.501203501584	0.530823470959	0.550938160478	0.560877647215	0.538814106188	0.597529700147	0.598280344198
838	0.726675582308	0.516596505174	0.692177555882	0.490465416699	0.578981123017	0.465635512316	0.415498321827	0.483750993491	0.431659163351	0.671552265831	0.693464842983	0.458938410012	0.545668361212	0.514390689328	0.486651806174	0.516633119546	0.451108686501	0.445147957035	0.821299021399	0.60478158799	0.564015709687	0.474235861803	0.744690553917	0.54046414206	0.692808130356	0.661196251724	0.4620963815	0.412604882616	0.0	0.461317275271	0.707989903007	0.669078740113	0.669972286565	0.682141491541	0.69403362531	0.695466965174	0.728657894794	0.395879037988	0.385167803064	0.344149534411	0.690378909346	0.463087700257	0.426216749702	0.501184137595	0.443235178045	0.331143636859	0.414310053988	0.38231431911	0.35200988397	0.66508152369	0.70944799979	0.719708594191	0.551942667164	0.494467242369	0.705191496771	0.714026797799	0.489042032562	0.504706424097	0.450300847478	0.40979485264	0.481247299639	0.533733117393	0.473669515852	0.474415813657	0.624660516459	0.518745010542	0.48033973967	0.556166663408	0.412393744277	0.428238825202	0.530189735238	0.525878073862	0.62428934273	0.64739581485	0.641792141996	0.548242512822	0.542575512114	0.463970587008	0.403436124269	0.486879315618	0.454223559278	0.516563771704	0.69910496553	0.511690244827	0.506447740617	0.483018789306	0.523568874354	0.499746047916	0.565104777417	0.54135619739	0.518858074031
