	1142	1143	1141	1146	1147	1144	1145	762	763	760	761	766	764	765	1148	1149	1154	1156	1151	1150	1153	1152	448	833	836	837	838	839	429	1018	1019	1016	1017	449	1138	442	441	440	447	844	843	842	439	436	437	434	435	432	430	431	458	459	450	451	452	453	454	455	456	457	1038	1039	1032	1033	1030	1031	1036	1037	1034	1035	757	759	758	461	460	1025	1024	1027	1026	1021	1020	1023	1022	1029	1028	1040
1142	0.0	0.082677947	0.016766597	0.101839779	0.101169173	0.095450521	0.069995601	0.074289281	0.065171592	0.134884456	0.235736731	0.085769544	0.099799547	0.095994803	0.10923978	0.07236155	0.05477887	0.050499291	0.103934922	0.064977678	0.044556144	0.132629015	0.251175063	0.039466401	0.068684573	0.069963492	0.069859437	0.070361321	0.232974365	0.286048053	0.260482801	0.308932237	0.322564229	0.178632576	0.026344983	0.066369423	0.069672572	0.068383901	0.249084447	0.070571258	0.066665927	0.068646589	0.067021745	0.069359931	0.070426573	0.066372082	0.072257368	0.194856195	0.265012571	0.220569286	0.066986523	0.069172842	0.21462281	0.209774227	0.064782233	0.073672478	0.073880474	0.06299714	0.073521546	0.087552751	0.112141544	0.102879416	0.064760498	0.04367916	0.094766142	0.124441727	0.077210308	0.065464251	0.06181012	0.057893632	0.107370487	0.167188531	0.118523157	0.086601997	0.069822601	0.078184175	0.069987175	0.084725909	0.077215947	0.079372018	0.206604057	0.089564538	0.08963858	0.080766576	0.074725863	0.115986893
1143	0.082677947	0.0	0.07755331	0.02506415	0.026291508	0.016954912	0.01802629	0.02360433	0.042202213	0.100544617	0.196851426	0.017106115	0.026776072	0.021653698	0.035839267	0.015509133	0.067153985	0.061801198	0.030051945	0.026412297	0.072415101	0.065672196	0.219945218	0.085656554	0.05376095	0.052416465	0.05197058	0.055295722	0.19527072	0.246483638	0.227478688	0.271395176	0.285039946	0.135216561	0.091923818	0.050531484	0.053486691	0.05259006	0.219075372	0.053707393	0.050373818	0.053860588	0.050380304	0.052354256	0.055498006	0.049139893	0.049368061	0.159715018	0.23005148	0.183861363	0.022671898	0.033975071	0.189860779	0.18572535	0.033936484	0.022650255	0.020818005	0.028650419	0.025077211	0.012868488	0.044265033	0.028261241	0.034697775	0.064298153	0.018412571	0.06834699	0.023025337	0.041431322	0.045891405	0.037050053	0.066480526	0.135187022	0.073115138	0.011781914	0.019437248	0.023499074	0.02915865	0.014977204	0.019255052	0.015665795	0.176856884	0.015291227	0.016127415	0.014551647	0.0314927	0.047271822
1141	0.016766597	0.07755331	0.0	0.096581278	0.099788842	0.090298748	0.068907964	0.073151996	0.063718861	0.141115497	0.236460934	0.084520701	0.098704842	0.09481648	0.105321255	0.067831337	0.055418115	0.051216672	0.098734439	0.059977833	0.044759835	0.130247224	0.25307726	0.043883562	0.069130578	0.068703319	0.06862726	0.070801176	0.23080816	0.28157984	0.258148868	0.308763278	0.324557982	0.183273539	0.024520512	0.06666637	0.070119849	0.06883664	0.250719444	0.069441237	0.065891902	0.069126774	0.065745228	0.068903162	0.070887316	0.066056175	0.070822149	0.192464606	0.265550348	0.218119397	0.064143352	0.067551475	0.217806449	0.213772338	0.063361574	0.072597953	0.072799641	0.061819877	0.072485115	0.08645941	0.111128247	0.101805603	0.064739101	0.042685573	0.093702659	0.122997436	0.076029745	0.063496682	0.060502413	0.058369597	0.111811662	0.172049214	0.118137238	0.085514972	0.06859516	0.07711731	0.068800008	0.083682588	0.076087778	0.078326823	0.20982552	0.088293521	0.088463903	0.079603727	0.073782182	0.11510126
1146	0.101839779	0.02506415	0.096581278	0.0	0.018189224	0.009805198	0.041962288	0.04302178	0.061985335	0.083067353	0.175985454	0.035184035	0.009959424	0.018419704	0.018220033	0.037411341	0.086818019	0.080420744	0.010052217	0.046739109	0.091761299	0.046738988	0.198384982	0.104690364	0.073531726	0.072190169	0.071736048	0.075029852	0.175701058	0.22547624	0.20673927	0.253684816	0.264378156	0.115223637	0.112340428	0.070335596	0.073248801	0.07260357	0.198240358	0.073431109	0.070161904	0.073664468	0.07008375	0.072106244	0.075276096	0.068984511	0.069099521	0.142030588	0.210659002	0.164783411	0.045336054	0.053415609	0.169205723	0.165239674	0.056698576	0.042284159	0.040603919	0.050728959	0.044367399	0.028404602	0.026848119	0.014337929	0.053414989	0.083003769	0.018963363	0.050804458	0.042571149	0.061232072	0.065477077	0.053513525	0.04981787	0.118578878	0.056210894	0.029033684	0.042455812	0.042522604	0.049988334	0.033009716	0.039140224	0.034809023	0.156265044	0.020005603	0.033898681	0.033525253	0.05154575	0.027858966
1147	0.101169173	0.026291508	0.099788842	0.018189224	0.0	0.013478626	0.036985096	0.035213036	0.054070743	0.085132131	0.187456954	0.027146063	0.013568298	0.010090158	0.025353577	0.036974185	0.080347491	0.07431478	0.023705793	0.049241969	0.085353281	0.04986796	0.21085395	0.09944478	0.06560521	0.064231083	0.06374342	0.0670665	0.185011466	0.23860797	0.220496658	0.258157132	0.276376958	0.116145235	0.11179285	0.062340088	0.065180173	0.064370056	0.212132034	0.065492357	0.06215409	0.065686152	0.06220241	0.06406634	0.067265536	0.060863089	0.060896057	0.154749814	0.221665426	0.174252691	0.043733984	0.045079683	0.179740403	0.175284422	0.05054071	0.035820713	0.034715781	0.047488147	0.037358803	0.02001672	0.032704675	0.014428831	0.047330089	0.076798247	0.010825223	0.055054992	0.035852919	0.053448378	0.058939061	0.048302355	0.05678766	0.12921681	0.065073874	0.021095978	0.039432314	0.034808374	0.043707278	0.024759776	0.033244982	0.028294877	0.170295204	0.017008511	0.026595599	0.026924129	0.043640716	0.030234956
1144	0.095450521	0.016954912	0.090298748	0.009805198	0.013478626	0.0	0.033975986	0.035849504	0.054782069	0.088590127	0.183062668	0.028104555	0.012593268	0.01167768	0.023453393	0.029407381	0.080159727	0.074396928	0.016802693	0.039210735	0.085241249	0.052038612	0.205364396	0.097872324	0.066283988	0.064947487	0.06448857	0.067752552	0.182695614	0.232616964	0.213877018	0.259143848	0.271221	0.121562977	0.105438462	0.063135244	0.065976515	0.065431772	0.20538509	0.066174503	0.062852462	0.066364676	0.062859452	0.06478274	0.068008834	0.061883313	0.061724143	0.148199366	0.21756103	0.171404735	0.037333268	0.046152013	0.176244239	0.172208598	0.048877076	0.034730449	0.033274553	0.042728913	0.037137317	0.021034378	0.032252903	0.016100865	0.047101519	0.076646975	0.011205769	0.056234202	0.035372477	0.053946944	0.058842951	0.046272819	0.055291948	0.124014148	0.061615132	0.021822968	0.034232922	0.03534456	0.042120478	0.025841372	0.032040002	0.027653029	0.16331659	0.012539657	0.026696263	0.026125325	0.04422647	0.033274548
1145	0.069995601	0.01802629	0.068907964	0.041962288	0.036985096	0.033975986	0.0	0.011158758	0.029053091	0.108696657	0.211182972	0.020798125	0.038222798	0.032375088	0.051132597	0.008908377	0.053984523	0.048938084	0.044515069	0.016665475	0.059562621	0.079588862	0.236738138	0.07273841	0.040479714	0.039203529	0.038749204	0.041996038	0.208289506	0.260459738	0.241560024	0.280663828	0.29963455	0.146312373	0.080007378	0.037233378	0.040358315	0.039309658	0.233055464	0.040437141	0.037123962	0.0405616	0.03707	0.039210294	0.042177816	0.035943995	0.036674969	0.1721254	0.243212432	0.196924709	0.013503112	0.021479689	0.203938903	0.199973858	0.019419418	0.010044105	0.008318975	0.016429527	0.012747975	0.021568312	0.054189157	0.038832651	0.024970737	0.051596227	0.029018407	0.077317216	0.011328397	0.028274998	0.032677485	0.044478305	0.074574828	0.146672862	0.084235264	0.019448026	0.006045238	0.01316984	0.015846108	0.018771544	0.012621242	0.013159957	0.190864264	0.027322915	0.023801377	0.014019113	0.018661744	0.05807515
762	0.074289281	0.02360433	0.073151996	0.04302178	0.035213036	0.035849504	0.011158758	0.0	0.020014333	0.112894501	0.21710895	0.013896719	0.038926284	0.029702406	0.054586009	0.011858513	0.049004595	0.044950562	0.050901025	0.017900189	0.055474235	0.08140236	0.23936973	0.07056248	0.031626424	0.030282541	0.02978951	0.033156406	0.217349038	0.266769986	0.247681732	0.286432436	0.305175474	0.147102439	0.084029272	0.028465248	0.031337175	0.03056531	0.239424624	0.031442897	0.028169002	0.031796784	0.028122462	0.030086128	0.033286712	0.027111871	0.027315685	0.181318722	0.25202987	0.205982073	0.013180208	0.013035535	0.210557227	0.206810892	0.016305366	0.004024113	0.004463755	0.014225637	0.004086653	0.021591312	0.057953639	0.037207377	0.023549317	0.047408571	0.028454769	0.080926826	0.005962027	0.019312236	0.028211041	0.047117665	0.0806533	0.153013626	0.091435572	0.018540198	0.008900156	0.007074028	0.009743662	0.013425184	0.009221748	0.009605343	0.197284122	0.026486933	0.019353859	0.011228865	0.010478118	0.057706722
763	0.065171592	0.042202213	0.063718861	0.061985335	0.054070743	0.054782069	0.029053091	0.020014333	0.0	0.131472188	0.236163711	0.028797456	0.057862821	0.046430193	0.074062738	0.030945718	0.032705552	0.030527631	0.070381226	0.024952044	0.039433826	0.100846009	0.258097987	0.057545783	0.012150717	0.010956794	0.010408743	0.013601789	0.236610979	0.285308031	0.266644813	0.305246687	0.323931393	0.165479938	0.075384821	0.009245745	0.012548696	0.011603751	0.258091689	0.012036048	0.008713603	0.012350377	0.008655485	0.011273459	0.013866983	0.008288702	0.009409534	0.200410081	0.271108649	0.225207614	0.021709843	0.01053964	0.229688632	0.225992323	0.013840083	0.021749002	0.02281875	0.014204448	0.018561772	0.038886389	0.077005718	0.052621822	0.035736782	0.032329318	0.046344656	0.098041943	0.022090462	0.004126487	0.03282762	0.061145968	0.099465635	0.171122877	0.110633949	0.035740923	0.025781723	0.021238809	0.016229213	0.030267609	0.024060121	0.028333972	0.215917059	0.044271858	0.03546535	0.030047074	0.014606199	0.076763093
760	0.134884456	0.100544617	0.141115497	0.083067353	0.085132131	0.088590127	0.108696657	0.112894501	0.131472188	0.0	0.112090067	0.104509672	0.077973681	0.085935269	0.06794891	0.110823998	0.141936506	0.133569269	0.080942536	0.119199344	0.14406048	0.042143179	0.140095283	0.151295703	0.143043161	0.141620692	0.141108831	0.144526105	0.119617761	0.169917263	0.147622457	0.191443989	0.203724277	0.05129207	0.149478817	0.139996285	0.142735526	0.141923925	0.133563523	0.14281149	0.139604795	0.143132811	0.139570913	0.141473851	0.144653937	0.13843488	0.138522598	0.139347175	0.150235657	0.10954801	0.119198509	0.123217486	0.102238082	0.098557505	0.121850127	0.112033736	0.11172154	0.123127408	0.114430522	0.095744077	0.057537198	0.082024472	0.107281762	0.133381362	0.087259552	0.041716795	0.112980814	0.130704043	0.120352716	0.099466816	0.042730629	0.048578287	0.047856333	0.098184903	0.113006265	0.111632327	0.118694011	0.102911949	0.110519613	0.105863082	0.089525369	0.093465898	0.10307485	0.103935746	0.121377143	0.057014745
761	0.235736731	0.196851426	0.236460934	0.175985454	0.187456954	0.183062668	0.211182972	0.21710895	0.236163711	0.112090067	0.0	0.208957851	0.179641612	0.19049955	0.165157351	0.207751617	0.248650913	0.240692944	0.172041847	0.213678495	0.250876353	0.139578408	0.04228891	0.254057444	0.247581676	0.246198257	0.245752034	0.249086384	0.112558556	0.07410791	0.055028886	0.105386936	0.103608174	0.090215749	0.248555982	0.244689914	0.247468303	0.24683717	0.046222626	0.247379165	0.244138864	0.247768768	0.244092214	0.246097524	0.249453662	0.243322375	0.243140057	0.218555674	0.061219228	0.144205487	0.217958822	0.227881395	0.053280895	0.05793372	0.226730582	0.216423643	0.215014359	0.224499111	0.218881807	0.20054118	0.160294923	0.186627711	0.213333069	0.237802293	0.192112933	0.141081986	0.217529881	0.235235462	0.227040891	0.202549279	0.143188612	0.112668086	0.145281528	0.202887374	0.213676772	0.216068288	0.223368742	0.20717375	0.212964242	0.209080747	0.061259044	0.193619393	0.206694821	0.207871533	0.225963178	0.160823564
766	0.085769544	0.017106115	0.084520701	0.035184035	0.027146063	0.028104555	0.020798125	0.013896719	0.028797456	0.104509672	0.208957851	0.0	0.031055645	0.019475605	0.047001864	0.02049763	0.057308592	0.053800473	0.043286988	0.03048624	0.064168082	0.073752373	0.231059063	0.080696387	0.039708685	0.038207774	0.037649529	0.041054217	0.209694285	0.258561589	0.239675067	0.278161869	0.297071449	0.138431748	0.095490387	0.036823257	0.03954009	0.038983259	0.231255419	0.039388266	0.036172427	0.039884161	0.036110801	0.038059465	0.041328697	0.035285784	0.035221336	0.174149989	0.244209829	0.198253912	0.025912189	0.022889748	0.20278423	0.199001917	0.026756925	0.015491818	0.014716486	0.027191796	0.015066736	0.011658827	0.050135092	0.02655928	0.026383308	0.055820618	0.019487702	0.070842915	0.012773992	0.029588781	0.03654957	0.037240102	0.073146033	0.145383563	0.083763369	0.009149831	0.020259721	0.010905719	0.020363867	0.004124645	0.009868429	0.008773166	0.189190469	0.018901984	0.009112266	0.007856416	0.018699083	0.049829013
764	0.099799547	0.026776072	0.098704842	0.009959424	0.013568298	0.012593268	0.038222798	0.038926284	0.057862821	0.077973681	0.179641612	0.031055645	0.0	0.01333384	0.017865797	0.038001033	0.083292395	0.077286472	0.015830213	0.049737707	0.088257735	0.044331798	0.202057252	0.101067082	0.069274392	0.067894993	0.067519936	0.070807538	0.180371304	0.229706126	0.21112601	0.248940458	0.26815748	0.111176151	0.110602242	0.066156752	0.068985367	0.068437016	0.202351796	0.069210731	0.065828986	0.069438736	0.065772608	0.067797248	0.07096746	0.064932769	0.064942647	0.146390298	0.21515597	0.169160191	0.044794244	0.049813799	0.173572575	0.169720648	0.05210943	0.038669913	0.037166369	0.047334873	0.040743501	0.024374656	0.022109517	0.008838777	0.050073273	0.079808135	0.014192235	0.046715526	0.039135317	0.056964096	0.062050223	0.049493863	0.045633106	0.117339232	0.05460615	0.025318816	0.039354324	0.038005358	0.04558434	0.0290747	0.035029558	0.031107089	0.160258148	0.016877249	0.030187521	0.029968849	0.047588766	0.022745206
765	0.095994803	0.021653698	0.09481648	0.018419704	0.010090158	0.01167768	0.032375088	0.029702406	0.046430193	0.085935269	0.19049955	0.019475605	0.01333384	0.0	0.029336429	0.032469089	0.071956349	0.066776308	0.026314967	0.044178883	0.077206375	0.055125818	0.212809196	0.09161015	0.057758812	0.056339435	0.055889066	0.059238144	0.19145622	0.240752336	0.222545314	0.25985893	0.278985362	0.120282313	0.106348552	0.054816906	0.057515593	0.056946754	0.213104982	0.057608653	0.054364828	0.057869188	0.054320948	0.05618549	0.059455286	0.053359829	0.053274705	0.15734561	0.226213944	0.180170251	0.039374526	0.039097815	0.184484173	0.180614118	0.041799226	0.029454769	0.028719339	0.041700579	0.030313193	0.01367456	0.032605111	0.011458659	0.039330263	0.069061855	0.004695595	0.053311564	0.027823081	0.046853628	0.050655965	0.040084965	0.056251758	0.1284807	0.066259454	0.014997594	0.033929932	0.028254446	0.03527768	0.019709636	0.027390374	0.022863861	0.170837454	0.011096731	0.019007811	0.021467979	0.036486826	0.03120569
1148	0.10923978	0.035839267	0.105321255	0.018220033	0.025353577	0.023453393	0.051132597	0.054586009	0.074062738	0.06794891	0.165157351	0.047001864	0.017865797	0.029336429	0.0	0.047008388	0.098659066	0.091360763	0.016958046	0.059020336	0.103650828	0.031511495	0.188959583	0.114743245	0.085630879	0.08423493	0.083780323	0.087122951	0.164067257	0.215073665	0.196776355	0.238699339	0.253775923	0.102102528	0.120397473	0.082384893	0.085251234	0.084419503	0.188389077	0.0855135	0.082180577	0.085718191	0.082210497	0.084123167	0.087322869	0.080901006	0.081014144	0.132037119	0.199323167	0.153493008	0.055438709	0.064644698	0.15804949	0.153987661	0.066683979	0.053852506	0.052618662	0.061868598	0.056311222	0.038579887	0.013623698	0.02459066	0.065038796	0.09391983	0.028680514	0.037332877	0.054738242	0.073316285	0.07736736	0.062214064	0.037185613	0.105989353	0.042522591	0.040383111	0.051942875	0.054538221	0.061265933	0.044547619	0.051161413	0.046425408	0.146853563	0.031737328	0.045744432	0.04508203	0.063227455	0.014808627
1149	0.07236155	0.015509133	0.067831337	0.037411341	0.036974185	0.029407381	0.008908377	0.011858513	0.030945718	0.110823998	0.207751617	0.02049763	0.038001033	0.032469089	0.047008388	0.0	0.05677189	0.052081997	0.041572316	0.01357874	0.0627514	0.076172919	0.231890063	0.075646155	0.042377919	0.041013702	0.040490915	0.043867881	0.206923145	0.257503301	0.238211029	0.281782391	0.296204671	0.14664395	0.081916729	0.039129303	0.042007612	0.041099377	0.230204321	0.04218563	0.038952549	0.042404869	0.038965173	0.040867293	0.044001787	0.037655574	0.037909604	0.171046881	0.242416875	0.195711074	0.012297589	0.02253365	0.200823584	0.196915847	0.022353157	0.011418626	0.009844432	0.018744758	0.013853626	0.023336545	0.054939966	0.040341792	0.028609072	0.05458015	0.030099846	0.079640311	0.014286678	0.030021425	0.035429624	0.04727759	0.077249753	0.146087333	0.084300869	0.020888991	0.008928581	0.014961201	0.017515437	0.018811159	0.013877847	0.013302776	0.187676669	0.025779962	0.024364512	0.014461856	0.020642015	0.058139593
1154	0.05477887	0.067153985	0.055418115	0.086818019	0.080347491	0.080159727	0.053984523	0.049004595	0.032705552	0.141936506	0.248650913	0.057308592	0.083292395	0.071956349	0.098659066	0.05677189	0.0	0.013133561	0.094826992	0.051872208	0.014155586	0.123329537	0.260952539	0.037196175	0.024973563	0.02635363	0.026463133	0.024261667	0.246526119	0.295457831	0.273483375	0.314718445	0.335266089	0.17815317	0.068160167	0.027055659	0.024779298	0.025327237	0.264904269	0.025256078	0.027857469	0.025059495	0.027352557	0.025844647	0.023284495	0.027735546	0.028519544	0.209252017	0.280374247	0.233197236	0.047852905	0.03979932	0.233214404	0.229064709	0.038340161	0.048959268	0.050257818	0.0418477	0.046741542	0.062554575	0.100023618	0.077706036	0.037053526	0.022252476	0.072594634	0.113549069	0.04885	0.033376419	0.024015514	0.058404298	0.111484159	0.181512035	0.122873481	0.061139499	0.052615203	0.049653079	0.042664409	0.058792445	0.052352335	0.056021622	0.225305623	0.071376888	0.059391352	0.057335928	0.043339527	0.100643267
1156	0.050499291	0.061801198	0.051216672	0.080420744	0.07431478	0.074396928	0.048938084	0.044950562	0.030527631	0.133569269	0.240692944	0.053800473	0.077286472	0.066776308	0.091360763	0.052081997	0.013133561	0.0	0.087537323	0.047636613	0.014863277	0.116016094	0.256580256	0.035677186	0.02584266	0.027885271	0.027404314	0.025915804	0.23757048	0.28686544	0.26541591	0.30698968	0.327401616	0.170511701	0.063950392	0.027073296	0.025678117	0.024671522	0.257184322	0.027238539	0.027412354	0.025396818	0.027010052	0.02661744	0.023642734	0.026250841	0.030123349	0.200070064	0.272135956	0.224821497	0.043890224	0.036488831	0.227571565	0.223435388	0.034636352	0.044947671	0.046225417	0.038057571	0.042724365	0.057343264	0.093089263	0.073150293	0.033395053	0.023636045	0.067441179	0.105611092	0.044982595	0.032350516	0.028150289	0.057565131	0.103291426	0.173525392	0.1143553	0.05648514	0.048758658	0.047105508	0.038654096	0.055027164	0.04888152	0.051955971	0.216501768	0.066880993	0.056279331	0.053166875	0.04038012	0.093531864
1151	0.103934922	0.030051945	0.098734439	0.010052217	0.023705793	0.016802693	0.044515069	0.050901025	0.070381226	0.080942536	0.172041847	0.043286988	0.015830213	0.026314967	0.016958046	0.041572316	0.094826992	0.087537323	0.0	0.049694896	0.099814244	0.047138805	0.195267279	0.110859083	0.081933941	0.080571496	0.080103553	0.083409579	0.167662747	0.221927567	0.200243503	0.252042545	0.258906057	0.117550032	0.114862575	0.078681725	0.081566226	0.080753493	0.192470249	0.081832996	0.078517353	0.082047377	0.078503431	0.080462517	0.083604821	0.077210586	0.07737634	0.133804631	0.202630003	0.156335928	0.050794281	0.060822632	0.162595768	0.158418035	0.061694159	0.049755914	0.048617472	0.057453564	0.052466146	0.034512277	0.026565758	0.020974494	0.061231384	0.090029992	0.025624242	0.050113157	0.050287162	0.069588799	0.07342453	0.057939042	0.048912393	0.117818967	0.054189353	0.036657937	0.046395847	0.050958479	0.057234987	0.040963799	0.047383157	0.042875426	0.154454549	0.028076598	0.04216036	0.041237302	0.059645313	0.029331117
1150	0.064977678	0.026412297	0.059977833	0.046739109	0.049241969	0.039210735	0.016665475	0.017900189	0.024952044	0.119199344	0.213678495	0.03048624	0.049737707	0.044178883	0.059020336	0.01357874	0.051872208	0.047636613	0.049694896	0.0	0.058241658	0.088470225	0.240937123	0.071723317	0.036496805	0.035243152	0.034724557	0.038054337	0.212745699	0.263556131	0.243872047	0.291940523	0.303835533	0.158465792	0.074518507	0.033423619	0.03648115	0.035389411	0.235732335	0.036305644	0.033009457	0.036724805	0.032964319	0.035068385	0.038135687	0.031983236	0.032850924	0.176514787	0.248002027	0.201248328	0.009796861	0.018673648	0.206711222	0.202802093	0.016655193	0.017833192	0.01840235	0.013927424	0.018112938	0.035779773	0.066689392	0.052221878	0.036727332	0.050052662	0.041907158	0.090890577	0.022034516	0.024211879	0.03653608	0.05691297	0.085495775	0.153853231	0.093107347	0.033208927	0.014652335	0.023006877	0.017295619	0.029511525	0.022377753	0.023667544	0.193094167	0.036272022	0.034744914	0.025220048	0.021248773	0.070156399
1153	0.044556144	0.072415101	0.044759835	0.091761299	0.085353281	0.085241249	0.059562621	0.055474235	0.039433826	0.14406048	0.250876353	0.064168082	0.088257735	0.077206375	0.103650828	0.0627514	0.014155586	0.014863277	0.099814244	0.058241658	0.0	0.128226923	0.262756323	0.032476097	0.033878311	0.03587844	0.035389103	0.033842565	0.247467147	0.297481179	0.275979789	0.316944207	0.336983343	0.180092774	0.057536821	0.035321827	0.033580968	0.032972271	0.267145121	0.034818002	0.035398509	0.033494329	0.034945455	0.034659137	0.031450867	0.034642038	0.03788598	0.209642741	0.281745395	0.234798166	0.054435183	0.04629299	0.234946564	0.230825285	0.045066519	0.055482552	0.056722742	0.048299988	0.053243728	0.067907217	0.105140144	0.083313574	0.04218417	0.021655814	0.077887704	0.118122501	0.055320456	0.040882031	0.031365384	0.057375576	0.115285619	0.183479835	0.125426381	0.066909753	0.059291535	0.056804599	0.048978693	0.065370071	0.059157119	0.062547632	0.227232121	0.077286106	0.066482868	0.063704738	0.050014473	0.105604675
1152	0.132629015	0.065672196	0.130247224	0.046738988	0.04986796	0.052038612	0.079588862	0.08140236	0.100846009	0.042143179	0.139578408	0.073752373	0.044331798	0.055125818	0.031511495	0.076172919	0.123329537	0.116016094	0.047138805	0.088470225	0.128226923	0.0	0.162694782	0.137569494	0.112225984	0.110759571	0.11034758	0.113709126	0.138552686	0.190535964	0.172584646	0.212244316	0.228233736	0.072299335	0.143977732	0.109046552	0.111855391	0.111021122	0.163899832	0.112069143	0.108810918	0.112329876	0.108834158	0.110632872	0.113848492	0.107540087	0.107667971	0.143265048	0.174319394	0.128831891	0.083647396	0.092074835	0.131966975	0.127895142	0.094027142	0.081014301	0.079605015	0.089181683	0.083573729	0.06561463	0.027305357	0.051746715	0.089795069	0.118520413	0.056222781	0.023188906	0.081966993	0.099991612	0.102048025	0.086156505	0.036103276	0.08107879	0.03851101	0.06752005	0.080449448	0.081182174	0.087957356	0.071862756	0.077827612	0.073714967	0.122050668	0.058319579	0.073133177	0.072564183	0.090644326	0.025197684
448	0.251175063	0.219945218	0.25307726	0.198384982	0.21085395	0.205364396	0.236738138	0.23936973	0.258097987	0.140095283	0.04228891	0.231059063	0.202057252	0.212809196	0.188959583	0.231890063	0.260952539	0.256580256	0.195267279	0.240937123	0.262756323	0.162694782	0.0	0.263204626	0.269351182	0.267856157	0.267509008	0.270749964	0.12752956	0.062078072	0.039808066	0.091434546	0.080439778	0.103054999	0.265073292	0.26657904	0.269304961	0.268670656	0.044394942	0.268924523	0.265919048	0.269543742	0.265689108	0.267835764	0.271209124	0.265220707	0.264967377	0.237403748	0.063644112	0.158751605	0.240969328	0.250286969	0.062520991	0.065819522	0.25042257	0.238881287	0.237323749	0.246718215	0.241310611	0.223007526	0.184324187	0.208851123	0.227512279	0.249721947	0.214530883	0.172408602	0.239617329	0.257065784	0.239715977	0.215377031	0.17567994	0.12949365	0.179704674	0.225206008	0.237772456	0.238214322	0.245642336	0.229402194	0.234976856	0.231451261	0.073320382	0.215584185	0.230416751	0.230200299	0.248142296	0.183214284
833	0.039466401	0.085656554	0.043883562	0.104690364	0.09944478	0.097872324	0.07273841	0.07056248	0.057545783	0.151295703	0.254057444	0.080696387	0.101067082	0.09161015	0.114743245	0.075646155	0.037196175	0.035677186	0.110859083	0.071723317	0.032476097	0.137569494	0.263204626	0.0	0.053878326	0.057552747	0.057415632	0.056313632	0.246750704	0.297091418	0.275500008	0.31710153	0.337469872	0.188796159	0.047970206	0.053770172	0.055962403	0.054480302	0.266929576	0.057645627	0.054551588	0.054054256	0.054868452	0.056329934	0.054062852	0.054149579	0.060557993	0.209487926	0.281694446	0.234401561	0.068188936	0.063054463	0.234606305	0.230167168	0.059160816	0.069576771	0.071491915	0.062311495	0.068804889	0.082419574	0.116300885	0.099103495	0.059324881	0.032504151	0.091494955	0.127134646	0.070182787	0.058966276	0.054354477	0.055689151	0.123901992	0.188158962	0.133431646	0.082315084	0.072748946	0.074281372	0.062735674	0.081572918	0.076227694	0.077255909	0.228438992	0.091520813	0.082851423	0.077936077	0.067600474	0.11676742
836	0.068684573	0.05376095	0.069130578	0.073531726	0.06560521	0.066283988	0.040479714	0.031626424	0.012150717	0.143043161	0.247581676	0.039708685	0.069274392	0.057758812	0.085630879	0.042377919	0.024973563	0.02584266	0.081933941	0.036496805	0.033878311	0.112225984	0.269351182	0.053878326	0.0	0.004238617	0.004328818	0.00335895	0.248211106	0.296772888	0.278075868	0.316518328	0.335231338	0.176889697	0.08182703	0.003677784	0.003456347	0.003297626	0.269341576	0.004276821	0.004133484	0.001277316	0.004740474	0.003601876	0.00348707	0.005129393	0.008392871	0.211823226	0.282482158	0.236658351	0.0332307	0.022027289	0.241260889	0.237560482	0.022886284	0.033129399	0.034295069	0.025537799	0.030139033	0.049729934	0.088441175	0.063648199	0.044897065	0.036890187	0.057831943	0.109262948	0.032234605	0.013510626	0.038261021	0.071648615	0.110821252	0.182496674	0.122150628	0.047123644	0.037044812	0.032244872	0.025892082	0.041620098	0.03537255	0.039971275	0.227234322	0.055568943	0.043497773	0.041476355	0.023997964	0.088220814
837	0.069963492	0.052416465	0.068703319	0.072190169	0.064231083	0.064947487	0.039203529	0.030282541	0.010956794	0.141620692	0.246198257	0.038207774	0.067894993	0.056339435	0.08423493	0.041013702	0.02635363	0.027885271	0.080571496	0.035243152	0.03587844	0.110759571	0.267856157	0.057552747	0.004238617	0.0	0.001310937	0.003298413	0.246844575	0.295310643	0.276642509	0.315146325	0.333763791	0.175400542	0.081058681	0.004845323	0.003962262	0.004309027	0.267934045	0.001917662	0.003917169	0.004200587	0.004022549	0.002613903	0.005485589	0.005102002	0.004946648	0.210498377	0.281097907	0.2353284	0.032017383	0.02069543	0.239866256	0.236184577	0.021880683	0.03180689	0.032983488	0.024376738	0.028878168	0.048364607	0.087019322	0.062164724	0.043359526	0.034044744	0.056502002	0.107869823	0.030857314	0.013019251	0.035461282	0.070459822	0.109428213	0.181056999	0.120813931	0.045784003	0.035894309	0.030904569	0.024524335	0.040340713	0.033967727	0.038624388	0.225860559	0.054220746	0.042185694	0.0402144	0.022710505	0.086767617
838	0.069859437	0.05197058	0.06862726	0.071736048	0.06374342	0.06448857	0.038749204	0.02978951	0.010408743	0.141108831	0.245752034	0.037649529	0.067519936	0.055889066	0.083780323	0.040490915	0.026463133	0.027404314	0.080103553	0.034724557	0.035389103	0.11034758	0.267509008	0.057415632	0.004328818	0.001310937	0.0	0.003668904	0.246360708	0.294942408	0.276285634	0.314689136	0.333420902	0.175042433	0.080770388	0.004720854	0.003386683	0.004040594	0.267542674	0.002094977	0.00380532	0.004177944	0.003729678	0.002229328	0.005164552	0.004777493	0.004623359	0.210074076	0.280682626	0.234859391	0.031428348	0.020125817	0.239435055	0.235716228	0.021604164	0.031376767	0.032539073	0.023980201	0.028308293	0.047932952	0.086504093	0.061737973	0.042970687	0.033304695	0.056005373	0.10746845	0.030396077	0.01269867	0.034866971	0.070253165	0.108930868	0.18066507	0.120375844	0.045356326	0.035439434	0.03041776	0.024143238	0.039885944	0.033469284	0.038201119	0.22539576	0.053697375	0.041651135	0.039700161	0.022209102	0.086332146
839	0.070361321	0.055295722	0.070801176	0.075029852	0.0670665	0.067752552	0.041996038	0.033156406	0.013601789	0.144526105	0.249086384	0.041054217	0.070807538	0.059238144	0.087122951	0.043867881	0.024261667	0.025915804	0.083409579	0.038054337	0.033842565	0.113709126	0.270749964	0.056313632	0.00335895	0.003298413	0.003668904	0.0	0.249649124	0.298178244	0.27946167	0.317952568	0.336535686	0.178272119	0.083525016	0.005321092	0.002619163	0.00337166	0.270709968	0.002652041	0.00565486	0.003062198	0.006368042	0.003349314	0.003266688	0.006471065	0.006892385	0.21331452	0.283894102	0.238107579	0.034711942	0.023461557	0.242669803	0.238985234	0.024614484	0.034600989	0.035763817	0.027134941	0.031653127	0.051192248	0.089851037	0.065010341	0.046230373	0.036464531	0.059287943	0.110719032	0.033655959	0.015470262	0.037420037	0.073091451	0.112263596	0.18396192	0.123643798	0.048627686	0.038667688	0.03374206	0.02745377	0.0431013	0.036734092	0.041414763	0.22875433	0.057028773	0.044938449	0.042967333	0.0254518	0.089635228
429	0.232974365	0.19527072	0.23080816	0.175701058	0.185011466	0.182695614	0.208289506	0.217349038	0.236610979	0.119617761	0.112558556	0.209694285	0.180371304	0.19145622	0.164067257	0.206923145	0.246526119	0.23757048	0.167662747	0.212745699	0.247467147	0.138552686	0.12752956	0.246750704	0.248211106	0.246844575	0.246360708	0.249649124	0.0	0.15099917	0.115477728	0.182566722	0.189250972	0.100803449	0.246283996	0.244954	0.247803611	0.247056528	0.12239474	0.248039981	0.244736606	0.248247902	0.24475406	0.246707658	0.249900462	0.243526831	0.243595647	0.12500055	0.074100492	0.044418189	0.216240698	0.227099369	0.074671049	0.065836652	0.22699041	0.215853543	0.214624023	0.223054735	0.218886821	0.199659256	0.160759297	0.186492763	0.212796955	0.234973009	0.191499979	0.1479557	0.216509729	0.235774684	0.225521619	0.199809029	0.150098168	0.12729233	0.143210448	0.201937424	0.211711776	0.217149428	0.223431056	0.207467846	0.213691834	0.209057123	0.086806272	0.194342347	0.208493895	0.207600381	0.225783676	0.161504386
1018	0.286048053	0.246483638	0.28157984	0.22547624	0.23860797	0.232616964	0.260459738	0.266769986	0.285308031	0.169917263	0.07410791	0.258561589	0.229706126	0.240752336	0.215073665	0.257503301	0.295457831	0.28686544	0.221927567	0.263556131	0.297481179	0.190535964	0.062078072	0.297091418	0.296772888	0.295310643	0.294942408	0.298178244	0.15099917	0.0	0.042693802	0.037864288	0.047157144	0.150708701	0.298719946	0.293843126	0.296636467	0.296008488	0.084565926	0.296508599	0.293328676	0.296910778	0.293229376	0.29533073	0.298646258	0.292448781	0.292332379	0.258602552	0.087513912	0.184506383	0.267654336	0.277595687	0.103308725	0.110340776	0.276165696	0.266197605	0.264708505	0.273834945	0.268706009	0.250324836	0.210016077	0.236532429	0.261603313	0.284175315	0.241924751	0.196123074	0.266794841	0.284385112	0.274341807	0.248831277	0.201762358	0.170564396	0.201197726	0.25258181	0.262994428	0.265747606	0.272709492	0.256919424	0.262317906	0.258757929	0.114707168	0.243241475	0.257882863	0.257507969	0.27559881	0.211529464
1019	0.260482801	0.227478688	0.258148868	0.20673927	0.220496658	0.213877018	0.241560024	0.247681732	0.266644813	0.147622457	0.055028886	0.239675067	0.21112601	0.222545314	0.196776355	0.238211029	0.273483375	0.26541591	0.200243503	0.243872047	0.275979789	0.172584646	0.039808066	0.275500008	0.278075868	0.276642509	0.276285634	0.27946167	0.115477728	0.042693802	0.0	0.075468934	0.08439398	0.133246745	0.274904164	0.275145334	0.277949183	0.27731681	0.065290252	0.277805751	0.274629052	0.278243038	0.274497942	0.276623102	0.279964636	0.273822835	0.273762031	0.222376528	0.053359732	0.147036343	0.248434406	0.258649615	0.067186459	0.072907892	0.257235576	0.246933821	0.245578397	0.254915107	0.249629745	0.2316097	0.191417051	0.216887557	0.240020909	0.262560645	0.223641205	0.17783113	0.247979997	0.265650854	0.251957929	0.227381481	0.179902636	0.14772278	0.176712138	0.23400133	0.24407162	0.24680259	0.253850856	0.237874822	0.243486166	0.239597767	0.0914409	0.224251731	0.237966883	0.238425233	0.256003792	0.193248848
1016	0.308932237	0.271395176	0.308763278	0.253684816	0.258157132	0.259143848	0.280663828	0.286432436	0.305246687	0.191443989	0.105386936	0.278161869	0.248940458	0.25985893	0.238699339	0.281782391	0.314718445	0.30698968	0.252042545	0.291940523	0.316944207	0.212244316	0.091434546	0.31710153	0.316518328	0.315146325	0.314689136	0.317952568	0.182566722	0.037864288	0.075468934	0.0	0.02854499	0.170700601	0.322000224	0.313656858	0.316353119	0.315856222	0.114719686	0.316224895	0.313119486	0.31668973	0.312923368	0.315053204	0.318379536	0.312321077	0.312249325	0.291841174	0.119243596	0.215869929	0.290018498	0.297216609	0.136804169	0.14155144	0.295826592	0.285783287	0.284379631	0.293889943	0.288165823	0.269879548	0.229484779	0.255575043	0.280868551	0.303674481	0.261343247	0.21643807	0.286634227	0.304138622	0.293899755	0.268288209	0.223226588	0.195122124	0.224647638	0.272074248	0.283482644	0.285197544	0.292556314	0.276284822	0.282143074	0.278622899	0.144505474	0.263856955	0.277164149	0.277066789	0.294648564	0.230601712
1017	0.322564229	0.285039946	0.324557982	0.264378156	0.276376958	0.271221	0.29963455	0.305175474	0.323931393	0.203724277	0.103608174	0.297071449	0.26815748	0.278985362	0.253775923	0.296204671	0.335266089	0.327401616	0.258906057	0.303835533	0.336983343	0.228233736	0.080439778	0.337469872	0.335231338	0.333763791	0.333420902	0.336535686	0.189250972	0.047157144	0.08439398	0.02854499	0.0	0.171307537	0.336467942	0.332417828	0.335169503	0.33459161	0.10412559	0.334948287	0.331782162	0.335377534	0.331607626	0.333813456	0.33719191	0.331042389	0.330839977	0.299886704	0.12079242	0.223168095	0.306228838	0.316082385	0.134088293	0.137566914	0.314707714	0.304738727	0.303223557	0.312420253	0.307210711	0.288993664	0.248533691	0.274995399	0.300237105	0.324038829	0.280570519	0.236011652	0.305494109	0.322891918	0.314067953	0.288830601	0.238785704	0.19526791	0.242833876	0.291089668	0.301617394	0.30427887	0.311328504	0.295453936	0.300918692	0.297223803	0.138514122	0.281623149	0.296419085	0.296244897	0.314008624	0.249301426
449	0.178632576	0.135216561	0.183273539	0.115223637	0.116145235	0.121562977	0.146312373	0.147102439	0.165479938	0.05129207	0.090215749	0.138431748	0.111176151	0.120282313	0.102102528	0.14664395	0.17815317	0.170511701	0.117550032	0.158465792	0.180092774	0.072299335	0.103054999	0.188796159	0.176889697	0.175400542	0.175042433	0.178272119	0.100803449	0.150708701	0.133246745	0.170700601	0.171307537	0.0	0.192095485	0.174184563	0.176819936	0.176296135	0.099469233	0.176678328	0.173440655	0.177171905	0.173385003	0.175355291	0.178788231	0.172726794	0.172352522	0.176969925	0.132414681	0.1057482	0.153400561	0.15777326	0.082436706	0.076281533	0.160239253	0.147344922	0.145218452	0.156445744	0.148868524	0.130504457	0.09376666	0.116754954	0.143038494	0.168459402	0.12276866	0.081499413	0.147131328	0.164654123	0.156829308	0.137903098	0.085741437	0.052850885	0.092200849	0.132588145	0.148778383	0.145886259	0.154684213	0.136806939	0.142482527	0.139081244	0.057712425	0.125751688	0.137988866	0.138416816	0.155893599	0.092010727
1138	0.026344983	0.091923818	0.024520512	0.112340428	0.11179285	0.105438462	0.080007378	0.084029272	0.075384821	0.149478817	0.248555982	0.095490387	0.110602242	0.106348552	0.120397473	0.081916729	0.068160167	0.063950392	0.114862575	0.074518507	0.057536821	0.143977732	0.265073292	0.047970206	0.08182703	0.081058681	0.080770388	0.083525016	0.246283996	0.298719946	0.274904164	0.322000224	0.336467942	0.192095485	0.0	0.07932118	0.082767103	0.081606596	0.26327961	0.081965723	0.078638244	0.081824226	0.07773449	0.08161513	0.083597528	0.078890091	0.082674633	0.208538112	0.278151828	0.233945183	0.076272012	0.079219625	0.229879265	0.22535555	0.074973506	0.083811611	0.084091349	0.072973741	0.083458489	0.09759627	0.124000699	0.113709923	0.074459067	0.055039073	0.105077661	0.13600525	0.087064229	0.075409562	0.071515125	0.069962885	0.120146918	0.181232662	0.13077912	0.096380058	0.07957657	0.088112174	0.079893822	0.094549486	0.087277136	0.089332361	0.221740574	0.099770629	0.099458405	0.090675205	0.084815058	0.12797229
442	0.066369423	0.050531484	0.06666637	0.070335596	0.062340088	0.063135244	0.037233378	0.028465248	0.009245745	0.139996285	0.244689914	0.036823257	0.066156752	0.054816906	0.082384893	0.039129303	0.027055659	0.027073296	0.078681725	0.033423619	0.035321827	0.109046552	0.26657904	0.053770172	0.003677784	0.004845323	0.004720854	0.005321092	0.244954	0.293843126	0.275145334	0.313656858	0.332417828	0.174184563	0.07932118	0.0	0.004124789	0.003634264	0.266468818	0.005584017	0.002622174	0.003758322	0.00402843	0.004193246	0.005587566	0.003025293	0.007827185	0.208549908	0.279340182	0.233374723	0.029934174	0.018778677	0.238101091	0.234365238	0.019888838	0.029822389	0.031154043	0.022307249	0.027066711	0.046438324	0.085305579	0.060738003	0.042316791	0.035926593	0.054613023	0.106083104	0.029248407	0.011082764	0.037542303	0.069019551	0.107778688	0.179737064	0.118951346	0.043922654	0.03381994	0.029435594	0.02279432	0.038702758	0.03268729	0.036811953	0.224327074	0.052601559	0.041943849	0.038307889	0.021117636	0.085133678
441	0.069672572	0.053486691	0.070119849	0.073248801	0.065180173	0.065976515	0.040358315	0.031337175	0.012548696	0.142735526	0.247468303	0.03954009	0.068985367	0.057515593	0.085251234	0.042007612	0.024779298	0.025678117	0.081566226	0.03648115	0.033580968	0.111855391	0.269304961	0.055962403	0.003456347	0.003962262	0.003386683	0.002619163	0.247803611	0.296636467	0.277949183	0.316353119	0.335169503	0.176819936	0.082767103	0.004124789	0.0	0.002502961	0.269263003	0.003135862	0.004936255	0.003083297	0.005743847	0.002589319	0.003449671	0.005119452	0.005868788	0.211478267	0.282207413	0.23626742	0.032930055	0.02164913	0.240892144	0.237209933	0.023343977	0.032809432	0.034061986	0.025641072	0.029911842	0.049334119	0.0880294	0.063549364	0.045289076	0.035292856	0.057455702	0.108920393	0.032120256	0.014537191	0.036769128	0.072423754	0.110490697	0.182484359	0.121813261	0.046810959	0.037020715	0.032274641	0.026140969	0.041495133	0.035664961	0.039687374	0.226984839	0.05534964	0.043427376	0.041179638	0.023888421	0.087757239
440	0.068383901	0.05259006	0.06883664	0.07260357	0.064370056	0.065431772	0.039309658	0.03056531	0.011603751	0.141923925	0.24683717	0.038983259	0.068437016	0.056946754	0.084419503	0.041099377	0.025327237	0.024671522	0.080753493	0.035389411	0.032972271	0.111021122	0.268670656	0.054480302	0.003297626	0.004309027	0.004040594	0.00337166	0.247056528	0.296008488	0.27731681	0.315856222	0.33459161	0.176296135	0.081606596	0.003634264	0.002502961	0.0	0.268665216	0.004474283	0.004465854	0.002716304	0.005152382	0.002933716	0.003225294	0.004081505	0.007358479	0.210685324	0.281493772	0.235503723	0.032113898	0.020807847	0.240224343	0.236465096	0.02212091	0.031998173	0.033273189	0.024471935	0.029210237	0.048534528	0.087406087	0.063103489	0.044560033	0.035426751	0.056729419	0.108271232	0.031537673	0.013619312	0.037132475	0.071363999	0.109940978	0.181941308	0.121185674	0.046091556	0.036222158	0.031765968	0.02494329	0.040976692	0.034882176	0.038946399	0.226292596	0.054831179	0.042966515	0.040549743	0.023288854	0.087171278
