	1142	1143	1140	1141	1146	1147	1144	1145	762	763	760	761	766	764	765	1148	1149	1159	1158	1155	1154	1157	1156	1151	1150	1153	1152	449	448	832	833	831	836	837	834	838	839	429	1018	1019	1016	1017	1139	1138	442	441	440	447	844	843	842	841	439	436	437	434	435	432	430	431	458	459	450	451	452	453	454	455	456	457	1038	1039	1032	1033	1030	1031	1036	1037	1034	1035	757	759	758	461	460	1025	1024	1027	1026	1021	1020	1023	1022	1029	1028	1160	1161	1162	1040
1142	0.0	0.088000455	0.04736877	0.01628317	0.11242584	0.114693865	0.109315935	0.078423865	0.084152985	0.069930165	0.14193562	0.22900746	0.09549189	0.10978608	0.103083415	0.124817715	0.0789532	0.076327105	0.085431975	0.05087079	0.047993885	0.028225425	0.046514565	0.1099256	0.068940965	0.04028927	0.149882015	0.19036215	0.250356325	0.049773035	0.03118322	0.04506234	0.065220435	0.06891281	0.05241768	0.068023895	0.066007855	0.220057095	0.28183017	0.252545605	0.30664993	0.31861381	0.04107914	0.02799605	0.066274795	0.066626225	0.065270415	0.248607355	0.069176635	0.067238505	0.065510105	0.06741255	0.065144525	0.068157945	0.06520413	0.0654775	0.071222365	0.15671079	0.252580515	0.199237635	0.07616118	0.072662195	0.201913575	0.20358921	0.07041099	0.08284237	0.086710395	0.0732456	0.082609695	0.10317504	0.121000695	0.11438207	0.06918941	0.045869305	0.102161855	0.131923995	0.084060425	0.069767695	0.063147155	0.064054155	0.11896898	0.174190185	0.126030775	0.09744301	0.07920461	0.082755735	0.077988005	0.093479515	0.084229305	0.085592185	0.20043229	0.100716405	0.09787391	0.090849615	0.08162004	0.130886615	0.146364205	0.14928577	0.12312162
1143	0.088000455	0.0	0.077307955	0.081552055	0.029182735	0.02890358	0.02387602	0.01435826	0.0163057	0.03355732	0.091381035	0.178683935	0.013107515	0.024968935	0.02027448	0.03931795	0.013435055	0.01973282	0.0072942	0.062672265	0.05816813	0.08005167	0.05350913	0.023908445	0.02375435	0.063103895	0.06594644	0.131693515	0.20604254	0.09227438	0.080319365	0.093279765	0.04161657	0.039146765	0.095320895	0.03946697	0.04298336	0.17403288	0.223090155	0.20486092	0.244172655	0.262758475	0.066737635	0.089119865	0.0386905	0.03992518	0.04032944	0.20578372	0.03904964	0.03911967	0.04075465	0.041437445	0.04023336	0.03829366	0.042722405	0.036990415	0.03743739	0.123211005	0.2084242	0.1567282	0.018991715	0.02742645	0.16807433	0.172562585	0.024065255	0.016749505	0.01208539	0.024895435	0.01565785	0.017164145	0.03843357	0.029624245	0.030550885	0.05534746	0.0172691	0.05818291	0.01583454	0.03404073	0.03735965	0.04008587	0.066853625	0.13092594	0.07073537	0.012122665	0.016374465	0.01776556	0.02030613	0.0093968	0.01675004	0.01104174	0.165462135	0.01770466	0.012751935	0.00780009	0.023716045	0.04922148	0.06299827	0.066569785	0.038707685
1140	0.04736877	0.077307955	0.0	0.05015741	0.09863202	0.100439725	0.095313125	0.069480745	0.070206775	0.060605375	0.12740132	0.21659983	0.08166224	0.09555904	0.088994055	0.112286365	0.06976267	0.063040065	0.072640875	0.05416079	0.049221985	0.052309055	0.049016445	0.09815871	0.061574525	0.04681908	0.136268335	0.14974875	0.219954715	0.074125735	0.04627454	0.06901694	0.066511775	0.0642258	0.07388521	0.065270105	0.067557365	0.222130255	0.27330528	0.248838985	0.2952335	0.28894432	0.04058481	0.05237568	0.065455295	0.065382155	0.065882885	0.213065735	0.065541465	0.064644595	0.066893765	0.0672414	0.064914785	0.064464655	0.06728044	0.06305236	0.065336095	0.15941923	0.253189205	0.201712885	0.06289271	0.059731685	0.194164405	0.19497317	0.05788829	0.06925298	0.072592615	0.06033482	0.068471755	0.08888492	0.108658115	0.0996178	0.0556033	0.033978655	0.088194935	0.118928265	0.070463655	0.060101585	0.048629615	0.051430905	0.11008	0.139217195	0.124247915	0.08326311	0.06757676	0.068777605	0.064131345	0.079500115	0.070581465	0.071890385	0.17161691	0.086547845	0.08298509	0.077029865	0.06701076	0.118037615	0.132348015	0.13583143	0.10898172
1141	0.01628317	0.081552055	0.05015741	0.0	0.10626025	0.108444125	0.103264345	0.072205085	0.078092825	0.063218785	0.14368658	0.23123879	0.08881027	0.10363271	0.097121725	0.119046645	0.07301291	0.070349145	0.079221075	0.04632871	0.044219945	0.018644735	0.042790035	0.10377595	0.062821975	0.03696826	0.143993415	0.19205395	0.251745975	0.051440425	0.03162724	0.04751463	0.061372555	0.06264148	0.05346318	0.061805035	0.062175475	0.218037865	0.27553061	0.248312035	0.30072158	0.32046023	0.0367333	0.02250453	0.060311995	0.060887385	0.060780435	0.250509565	0.062911755	0.061481795	0.061754395	0.06203241	0.059203645	0.061935545	0.0618767	0.05945548	0.065074335	0.15499219	0.255445185	0.197478915	0.07000699	0.066525045	0.206095205	0.21068212	0.06431981	0.07651729	0.080708445	0.06723657	0.076472805	0.0970841	0.114788265	0.10810098	0.06374938	0.039854505	0.096123765	0.125535285	0.077880175	0.063468695	0.057175145	0.058869745	0.12069696	0.175495095	0.123710175	0.09154201	0.07308134	0.076598845	0.071982035	0.087723945	0.077293425	0.079669335	0.20562343	0.094622045	0.09175207	0.084768195	0.07543792	0.124972835	0.140433845	0.14286059	0.11710793
1146	0.11242584	0.029182735	0.09863202	0.10626025	0.0	0.011239385	0.008361255	0.038882875	0.033767895	0.049879135	0.07435206	0.16223282	0.0241214	0.00788909	0.013059145	0.018721715	0.03689005	0.039075645	0.029796825	0.08421468	0.077026515	0.102890865	0.072936765	0.00927975	0.047100745	0.08196108	0.043076645	0.10933981	0.184676135	0.117139215	0.10043359	0.11817819	0.058015445	0.05516876	0.12052721	0.055564025	0.059274695	0.157117455	0.20648229	0.187710755	0.22547029	0.24577531	0.08867643	0.11292296	0.055206565	0.056201865	0.056718745	0.188405965	0.055218195	0.055488675	0.057562265	0.05764805	0.056606075	0.054510805	0.05912096	0.05393579	0.053523375	0.10856522	0.192262885	0.141368445	0.04030607	0.044495685	0.150997385	0.15594247	0.04476796	0.03619715	0.029747155	0.04259338	0.034476445	0.01680657	0.017601475	0.00608302	0.04956483	0.073737805	0.018056375	0.038514325	0.031850505	0.050680805	0.055651735	0.052104455	0.04982273	0.113740755	0.053947155	0.02094899	0.03936097	0.034216635	0.037728955	0.025151715	0.034305735	0.029209005	0.14885409	0.018372595	0.02483815	0.026290815	0.03988099	0.029462155	0.041148385	0.04561747	0.01564082
1147	0.114693865	0.02890358	0.100439725	0.108444125	0.011239385	0.0	0.00835003	0.04038779	0.0328877	0.05038161	0.078525975	0.165126605	0.023398775	0.010388145	0.01375963	0.02191395	0.037920285	0.0403616	0.03048189	0.084815765	0.07832086	0.10468283	0.07395079	0.011575245	0.04810049	0.083283355	0.04550392	0.111952635	0.18884811	0.11820346	0.102516005	0.119464965	0.05826659	0.055599365	0.121060995	0.05586753	0.0597205	0.15918214	0.211389415	0.19377592	0.232550425	0.249868755	0.090496675	0.115643825	0.05570034	0.05626786	0.0569308	0.19272359	0.05564017	0.05578465	0.05763671	0.057912835	0.0568998	0.05492149	0.059417215	0.054029795	0.05314486	0.114033935	0.19564045	0.14292521	0.041939675	0.04472371	0.15396434	0.158038075	0.046700965	0.035055045	0.02989489	0.044657785	0.03422034	0.014346605	0.02533534	0.011822455	0.050371355	0.07482518	0.01515949	0.04531486	0.03341717	0.05108075	0.05704779	0.053949	0.058003495	0.12072069	0.0618708	0.020317295	0.040890095	0.03499478	0.03934118	0.02440365	0.03463776	0.03053231	0.156004405	0.01799438	0.022741055	0.02634904	0.039936545	0.03195998	0.04579553	0.047422315	0.019879685
1144	0.109315935	0.02387602	0.095313125	0.103264345	0.008361255	0.00835003	0.0	0.03566147	0.02966719	0.04713397	0.077389875	0.165162455	0.020053615	0.005697275	0.00866697	0.02087274	0.033641475	0.03578453	0.02548226	0.080706365	0.07401273	0.09968748	0.06943767	0.008065245	0.04388685	0.078934265	0.04591246	0.112209875	0.18781246	0.11347558	0.097521635	0.114884725	0.05501487	0.052330095	0.116578135	0.05293353	0.05639468	0.16024979	0.209482205	0.19093228	0.229773075	0.249460765	0.084981605	0.110630015	0.05258761	0.0533055	0.05382851	0.19185387	0.05247347	0.05242932	0.0543188	0.054647935	0.05374991	0.05171677	0.056082145	0.050480815	0.05062153	0.110606445	0.19517246	0.14389707	0.036879165	0.04132939	0.15376697	0.158887145	0.041588155	0.030977095	0.02557568	0.038964765	0.02920225	0.010911515	0.0210381	0.008281295	0.046319895	0.07110712	0.01202742	0.04216442	0.02928207	0.0478773	0.05279394	0.04841811	0.053861845	0.11682402	0.05831152	0.015548265	0.035049535	0.03117126	0.0346252	0.02009853	0.03080056	0.02644892	0.152211485	0.01406879	0.020450605	0.02183765	0.036621015	0.03168676	0.04430216	0.048435315	0.018526965
1145	0.078423865	0.01435826	0.069480745	0.072205085	0.038882875	0.04038779	0.03566147	0.0	0.01206742	0.02661711	0.101654735	0.189384955	0.023835215	0.036471945	0.0313689	0.05078778	0.006264405	0.01197521	0.01384873	0.054994495	0.05040097	0.07182385	0.04551945	0.034879125	0.01546087	0.055070125	0.07787637	0.143144145	0.2173064	0.08177794	0.071650015	0.080995875	0.03437378	0.031914445	0.084162145	0.03206704	0.03557203	0.1807735	0.233578765	0.21529337	0.255108615	0.273282455	0.059268995	0.079880435	0.03125956	0.03238368	0.03283708	0.21659356	0.03206427	0.03194555	0.03376812	0.034293115	0.0328512	0.03108881	0.035291885	0.029578315	0.03093617	0.129621965	0.21538396	0.16411567	0.011293955	0.02063723	0.17799313	0.182039095	0.017250205	0.011302085	0.01457436	0.016236005	0.01156938	0.028965705	0.04963135	0.039965815	0.023832365	0.04775393	0.02851255	0.06907434	0.01200427	0.02619675	0.02911835	0.04828949	0.077186345	0.14125408	0.07989937	0.022462245	0.008272315	0.01155093	0.01241946	0.02064265	0.01309762	0.0129085	0.174610805	0.02863115	0.024556185	0.01725565	0.016769535	0.06052288	0.07410976	0.078744325	0.050555005
762	0.084152985	0.0163057	0.070206775	0.078092825	0.033767895	0.0328877	0.02966719	0.01206742	0.0	0.01989494	0.102678975	0.191706305	0.015607015	0.031197915	0.02468225	0.04800831	0.009949715	0.00995223	0.01200196	0.055195655	0.048591	0.07419572	0.04437696	0.034557065	0.01760499	0.053772015	0.0727141	0.138429315	0.21438882	0.08969504	0.071898435	0.091048285	0.02769648	0.025138095	0.092786315	0.02539177	0.0293092	0.18748014	0.235708925	0.21685542	0.255298745	0.274801935	0.060619445	0.084898375	0.02559716	0.02598926	0.02655686	0.21781309	0.02526376	0.02504019	0.02705724	0.027528125	0.02657346	0.02439305	0.028855195	0.023616825	0.02371747	0.137163085	0.22250379	0.17103024	0.013033995	0.01571533	0.18056257	0.185347615	0.015188435	0.007558695	0.00839423	0.014961365	0.00476941	0.023918885	0.04661047	0.034723675	0.022477855	0.045447	0.02260361	0.06832274	0.00616512	0.02080652	0.02722836	0.04854075	0.078774655	0.14208168	0.08352205	0.018956255	0.011041545	0.00484468	0.00861019	0.01331781	0.00564596	0.00828938	0.177987095	0.02233627	0.016187035	0.01155982	0.010441715	0.05853474	0.07113404	0.074888175	0.044854935
763	0.069930165	0.03355732	0.060605375	0.063218785	0.049879135	0.05038161	0.04713397	0.02661711	0.01989494	0.0	0.121202485	0.209370245	0.028872365	0.048706375	0.04166349	0.06625294	0.024547145	0.01747268	0.02845422	0.045192405	0.03230027	0.06102302	0.03008239	0.051777475	0.0159294	0.038039505	0.09121205	0.155557285	0.23104322	0.07697295	0.058483855	0.077913395	0.00978467	0.007473905	0.080638705	0.00801461	0.01146633	0.20548713	0.253060275	0.23482648	0.272116445	0.292200615	0.058774355	0.070967365	0.0077709	0.00837886	0.0090931	0.23539063	0.00759114	0.00732053	0.0096721	0.009865775	0.00879459	0.00704132	0.011163005	0.006959215	0.00718149	0.154253805	0.24007021	0.18924287	0.018146465	0.0082918	0.19899553	0.204012255	0.012472265	0.019820335	0.02365805	0.012213985	0.01997602	0.042119465	0.06349558	0.050356815	0.033533765	0.03460001	0.04038722	0.08645686	0.02083109	0.00367362	0.03165961	0.06238092	0.095811035	0.15916396	0.1010469	0.036528955	0.022284225	0.01766475	0.01726678	0.03014749	0.01808889	0.02504392	0.194936435	0.03841684	0.031931205	0.02800555	0.014520425	0.07603295	0.08948091	0.092536455	0.063182655
760	0.14193562	0.091381035	0.12740132	0.14368658	0.07435206	0.078525975	0.077389875	0.101654735	0.102678975	0.121202485	0.0	0.09503135	0.09340749	0.07589313	0.081493125	0.061734875	0.10097961	0.106188575	0.093801825	0.12856997	0.126776615	0.145829405	0.121142235	0.07522774	0.108249005	0.13133288	0.038811795	0.05525654	0.128493595	0.155978705	0.14634898	0.15716842	0.128738535	0.12618771	0.15831577	0.126333995	0.130362745	0.109159295	0.16119781	0.137146665	0.18474109	0.18624424	0.13185514	0.14625136	0.126742995	0.126909195	0.127534615	0.125555735	0.126369285	0.126138615	0.128294265	0.12859981	0.127688045	0.125411125	0.12978788	0.12419337	0.124836435	0.11331342	0.139517415	0.093701295	0.10760255	0.115892045	0.086300795	0.08871862	0.11066891	0.10582064	0.099091985	0.11395631	0.103528065	0.08428454	0.059636415	0.07528989	0.09921838	0.122354685	0.084754435	0.044843575	0.102670015	0.121695505	0.106320295	0.096991565	0.03504106	0.049240995	0.045289865	0.08929971	0.10529694	0.105036575	0.106979725	0.093764465	0.104418965	0.098276485	0.08346125	0.085402285	0.09362457	0.096475905	0.11010109	0.051054055	0.037244075	0.03907801	0.06251245
761	0.22900746	0.178683935	0.21659983	0.23123879	0.16223282	0.165126605	0.165162455	0.189384955	0.191706305	0.209370245	0.09503135	0.0	0.18168121	0.16413616	0.170276465	0.147791285	0.18872988	0.195227025	0.182163995	0.21914453	0.217310145	0.234447725	0.211998095	0.16244477	0.196621145	0.22162339	0.123822575	0.08398694	0.051695085	0.243222865	0.23459095	0.24428179	0.217101505	0.21475784	0.24476101	0.214941785	0.218459135	0.106075885	0.08434349	0.061996505	0.11004122	0.10721913	0.21839495	0.23397756	0.214529025	0.215487165	0.216143515	0.058321785	0.214736685	0.214526075	0.216454525	0.21695939	0.215834585	0.213804715	0.21820237	0.2125919	0.212882865	0.19588304	0.063807085	0.127542565	0.19522497	0.203792015	0.040318115	0.04652457	0.1994561	0.19374423	0.188085585	0.20122901	0.191449335	0.17171893	0.148178885	0.16359396	0.18884676	0.211853715	0.172476425	0.127595515	0.190904335	0.209651295	0.196723715	0.185774075	0.11832857	0.129682135	0.127235745	0.17689032	0.19259108	0.193194425	0.195859515	0.182114255	0.192604475	0.185877855	0.07631935	0.173957885	0.18107578	0.183763125	0.1993366	0.136984925	0.123445925	0.1224546	0.14849537
766	0.09549189	0.013107515	0.08166224	0.08881027	0.0241214	0.023398775	0.020053615	0.023835215	0.015607015	0.028872365	0.09340749	0.18168121	0.0	0.02201391	0.014996475	0.038660275	0.02085493	0.022865075	0.012966435	0.06695529	0.058822945	0.085982525	0.055459435	0.02421623	0.029165145	0.06419	0.063743535	0.12801745	0.203982335	0.102036355	0.08439204	0.10311814	0.037278685	0.03475738	0.10517921	0.034964385	0.039026445	0.177540505	0.22523635	0.207378785	0.24475662	0.26491523	0.07162364	0.09678906	0.034788515	0.035588195	0.036139705	0.208247365	0.035167545	0.034722085	0.036724495	0.0370188	0.036523105	0.034102315	0.03844367	0.03316635	0.033712715	0.12718625	0.212415245	0.161611555	0.02463266	0.026860105	0.171372635	0.17643789	0.02783934	0.01833832	0.011841815	0.02694755	0.017660855	0.01481218	0.036260855	0.02392321	0.03091424	0.055750895	0.013409215	0.059078985	0.015165295	0.030061565	0.038175675	0.038159585	0.06907396	0.132836525	0.073377685	0.00932542	0.02317103	0.015944825	0.021262275	0.007039825	0.013055995	0.013497365	0.16740254	0.011533325	0.00693637	0.009231495	0.02074983	0.048333375	0.062173465	0.06512065	0.03594853
764	0.10978608	0.024968935	0.09555904	0.10363271	0.00788909	0.010388145	0.005697275	0.036471945	0.031197915	0.048706375	0.07589313	0.16413616	0.02201391	0.0	0.010137765	0.020558865	0.03384514	0.036398055	0.025797975	0.08098354	0.075683945	0.100047445	0.071448205	0.00675435	0.043571535	0.08084295	0.045857655	0.11364806	0.188013955	0.114588845	0.09852373	0.11581848	0.056649385	0.05390046	0.11722222	0.054537035	0.058007195	0.159976025	0.20901457	0.189676945	0.22729567	0.24737998	0.08553246	0.11053561	0.054195885	0.055000025	0.055513765	0.190699475	0.054146715	0.054068665	0.056101545	0.05643206	0.055303745	0.053279045	0.05781732	0.05258799	0.052140385	0.110991	0.195093115	0.143851415	0.0376318	0.042892685	0.152665825	0.15770674	0.04187609	0.03449385	0.027626685	0.04157703	0.031497505	0.01362724	0.019577405	0.00815211	0.04816233	0.072737695	0.013940605	0.041036305	0.030733105	0.049595765	0.054581765	0.048989735	0.05227146	0.115947595	0.056614985	0.01868737	0.0359126	0.032965215	0.035976225	0.021569905	0.032868835	0.026700815	0.15150556	0.013997305	0.0224552	0.023675325	0.03813274	0.031767895	0.044907835	0.04834201	0.0186152
765	0.103083415	0.02027448	0.088994055	0.097121725	0.013059145	0.01375963	0.00866697	0.0313689	0.02468225	0.04166349	0.081493125	0.170276465	0.014996475	0.010137765	0.0	0.02785995	0.028448045	0.03017378	0.02010333	0.074083075	0.06774058	0.09345401	0.06365008	0.013736415	0.03790231	0.073019925	0.05157512	0.116892625	0.19260674	0.1087696	0.091103915	0.110090855	0.04962279	0.046779075	0.111820965	0.04709166	0.05075604	0.16630075	0.214181785	0.194832	0.232649245	0.253166965	0.078814595	0.104170695	0.04732917	0.04774556	0.04874757	0.19599094	0.04678592	0.04705651	0.04913651	0.049332315	0.04824838	0.04631575	0.050835725	0.045450375	0.04505199	0.116197075	0.20117393	0.15001869	0.032322705	0.03658227	0.15920112	0.164581345	0.035659735	0.027566615	0.02045052	0.034849235	0.02541653	0.007959665	0.02508474	0.013485725	0.039938665	0.0649678	0.00851803	0.04689654	0.0234048	0.0423746	0.04665308	0.04231039	0.057288535	0.12063507	0.06211591	0.012300855	0.030579745	0.02588735	0.02855751	0.01584601	0.02570041	0.0212122	0.156045455	0.00823011	0.017067615	0.0178717	0.031784065	0.0361794	0.04992861	0.053535195	0.023499665
1148	0.124817715	0.03931795	0.112286365	0.119046645	0.018721715	0.02191395	0.02087274	0.05078778	0.04800831	0.06625294	0.061734875	0.147791285	0.038660275	0.020558865	0.02785995	0.0	0.048230805	0.05348411	0.04234927	0.097490145	0.09303747	0.11549457	0.08812308	0.018153105	0.05884601	0.097823155	0.030079	0.099041555	0.17418688	0.12821907	0.115290715	0.129474955	0.07401245	0.071387105	0.131262085	0.07191626	0.07533719	0.14181834	0.192897055	0.17460194	0.214151225	0.232477015	0.101483345	0.126239215	0.07145568	0.07235819	0.07265825	0.17571536	0.07152867	0.07150137	0.07332613	0.073611575	0.07272715	0.0706912	0.075160415	0.069259305	0.06951497	0.095120175	0.17740075	0.12601086	0.053339925	0.06011473	0.1360985	0.140626735	0.058585435	0.049927195	0.04472193	0.058488595	0.04815429	0.028054175	0.00728767	0.020552495	0.064960115	0.0898025	0.02847092	0.02785036	0.04867642	0.06702158	0.07191805	0.06535927	0.039243865	0.10265639	0.04312377	0.034810885	0.051533285	0.05029581	0.05345193	0.03855182	0.05011645	0.0436205	0.136920385	0.03060217	0.038648545	0.04021953	0.055771295	0.01664963	0.03132299	0.033235175	0.008016065
1149	0.0789532	0.013435055	0.06976267	0.07301291	0.03689005	0.037920285	0.033641475	0.006264405	0.009949715	0.024547145	0.10097961	0.18872988	0.02085493	0.03384514	0.028448045	0.048230805	0.0	0.010689075	0.012765275	0.05573764	0.050773005	0.072363125	0.045872735	0.03325697	0.012876355	0.05552969	0.075557755	0.14162243	0.216960225	0.083736115	0.07208678	0.08426416	0.032560135	0.0299126	0.08719603	0.030449555	0.033826135	0.183456605	0.23347986	0.214339735	0.25470884	0.27347145	0.05904229	0.08057033	0.029764285	0.030945415	0.031213645	0.216133345	0.030110555	0.030142505	0.031984165	0.03244163	0.031321275	0.029295475	0.03365203	0.02773559	0.028429655	0.13231836	0.218604055	0.167020995	0.01150668	0.018600295	0.177380845	0.18206833	0.01654773	0.01054369	0.011929865	0.0170552	0.009329525	0.02687398	0.046613555	0.03947763	0.02352689	0.047767995	0.025348215	0.068419325	0.010313735	0.025135605	0.029373355	0.047934965	0.07615146	0.140402615	0.079904795	0.02261453	0.0095439	0.009390965	0.010949005	0.017919335	0.011078875	0.010230645	0.17444715	0.025765945	0.02179612	0.014593895	0.01487754	0.059014855	0.074150255	0.07657228	0.04823372
1159	0.076327105	0.01973282	0.063040065	0.070349145	0.039075645	0.0403616	0.03578453	0.01197521	0.00995223	0.01747268	0.106188575	0.195227025	0.022865075	0.036398055	0.03017378	0.05348411	0.010689075	0.0	0.01463671	0.048157775	0.04210218	0.0669256	0.03740424	0.039248625	0.01164872	0.046856385	0.07774825	0.143683685	0.21858385	0.08172298	0.064694415	0.082500545	0.02459119	0.022536155	0.084791685	0.02265751	0.02605282	0.19111167	0.239269165	0.2209634	0.258480735	0.278833975	0.053709925	0.077081825	0.02235063	0.02300947	0.02326476	0.22197892	0.02236417	0.02207097	0.02415847	0.024879945	0.023316	0.02169988	0.025697715	0.020423185	0.02175379	0.139694885	0.22567039	0.17434291	0.006017455	0.01273913	0.18459583	0.189002095	0.009685315	0.009208575	0.01270697	0.010024795	0.00849407	0.029221515	0.05123418	0.040605395	0.022637605	0.03957448	0.02817006	0.07214131	0.01081357	0.01776049	0.02138144	0.04919574	0.081709645	0.14579286	0.08653814	0.024071655	0.009600515	0.00916186	0.00476613	0.01982421	0.01199725	0.01237961	0.181049935	0.02778567	0.023680935	0.01743077	0.008432185	0.06199209	0.07597078	0.078712575	0.050038635
1158	0.085431975	0.0072942	0.072640875	0.079221075	0.029796825	0.03048189	0.02548226	0.01384873	0.01200196	0.02845422	0.093801825	0.182163995	0.012966435	0.025797975	0.02010333	0.04234927	0.012765275	0.01463671	0.0	0.057733045	0.05278784	0.07589596	0.04843909	0.027690755	0.02201752	0.057695025	0.06745139	0.131547845	0.20700339	0.09137008	0.075292175	0.092555205	0.03666269	0.034055615	0.094647955	0.0345255	0.03804616	0.17852423	0.226475215	0.20781002	0.245749635	0.265804195	0.062968295	0.086244235	0.03409621	0.03488872	0.03536111	0.20838719	0.03417116	0.03420399	0.0360874	0.036478925	0.03550227	0.03335716	0.037710815	0.032256865	0.03258302	0.127641225	0.21328136	0.1619747	0.016567355	0.02341851	0.17193647	0.176611645	0.019583915	0.014484115	0.00795498	0.021523415	0.01240142	0.019065845	0.03951709	0.031079645	0.025085575	0.04959049	0.01808765	0.05911939	0.01118316	0.02917511	0.03167084	0.03922382	0.069170005	0.13281509	0.07408977	0.013717535	0.014956415	0.01349401	0.01557635	0.01055633	0.01244989	0.0073839	0.168353475	0.01781054	0.013797065	0.00744628	0.019536835	0.04958181	0.06415026	0.067015175	0.039324155
1155	0.05087079	0.062672265	0.05416079	0.04632871	0.08421468	0.084815765	0.080706365	0.054994495	0.055195655	0.045192405	0.12856997	0.21914453	0.06695529	0.08098354	0.074083075	0.097490145	0.05573764	0.048157775	0.057733045	0.0	0.025061885	0.036845475	0.026362635	0.08345598	0.047605245	0.02332707	0.120478645	0.17035159	0.234335795	0.058704625	0.04324216	0.06329313	0.044382825	0.046391	0.0619884	0.045280145	0.045310685	0.209150875	0.26220996	0.238754575	0.28245852	0.30597126	0.04463205	0.05343556	0.044744405	0.044479575	0.044043105	0.237320085	0.046019885	0.045001525	0.044446875	0.04570114	0.043785085	0.045700295	0.0436079	0.04318709	0.047720815	0.15302576	0.245294165	0.189073085	0.04890145	0.046368625	0.195929825	0.19975742	0.04334541	0.05464299	0.058263885	0.04657614	0.053593295	0.07427178	0.094525345	0.08467754	0.04215595	0.035172035	0.073029975	0.104910785	0.055535355	0.045509035	0.035612345	0.055513805	0.10662501	0.163715075	0.111042355	0.06875374	0.05307855	0.054341015	0.049791985	0.064686295	0.055415935	0.057750925	0.19782856	0.071400385	0.06783278	0.062358205	0.05218497	0.102119605	0.116974595	0.11970395	0.09371086
1154	0.047993885	0.05816813	0.049221985	0.044219945	0.077026515	0.07832086	0.07401273	0.05040097	0.048591	0.03230027	0.126776615	0.217310145	0.058822945	0.075683945	0.06774058	0.09303747	0.050773005	0.04210218	0.05278784	0.025061885	0.0	0.03725881	0.01259948	0.079042295	0.0418154	0.012715875	0.11617217	0.166350125	0.23004463	0.05426417	0.032512905	0.054233465	0.02503322	0.027854825	0.055699895	0.02765427	0.02467467	0.2087004	0.259685455	0.23570309	0.279817485	0.303477765	0.048561315	0.052922505	0.02709824	0.02655486	0.02585766	0.23544986	0.02806653	0.02755352	0.02595757	0.026078825	0.02644113	0.02798378	0.024088865	0.028246735	0.03019934	0.152865655	0.24373623	0.18987474	0.043633915	0.03698324	0.19455224	0.199378725	0.037434645	0.046576015	0.05042979	0.038138425	0.04729475	0.067775085	0.08953835	0.076491075	0.031438575	0.0239517	0.06804961	0.10028352	0.04781861	0.03186027	0.02396432	0.05235975	0.103014835	0.160973	0.10810787	0.061526135	0.047884615	0.04562053	0.04287499	0.05830774	0.0474956	0.05224147	0.196252995	0.06673453	0.060301955	0.05606733	0.042823655	0.09815487	0.11151643	0.115688205	0.088222675
1157	0.028225425	0.08005167	0.052309055	0.018644735	0.102890865	0.10468283	0.09968748	0.07182385	0.07419572	0.06102302	0.145829405	0.234447725	0.085982525	0.100047445	0.09345401	0.11549457	0.072363125	0.0669256	0.07589596	0.036845475	0.03725881	0.0	0.03530389	0.100823765	0.06390326	0.030343655	0.1401487	0.189604895	0.25010256	0.0475166	0.029854945	0.048496095	0.05701746	0.060032955	0.051328585	0.05863801	0.05806631	0.22097077	0.274802895	0.2500853	0.297823815	0.321009485	0.039136185	0.026943445	0.05743357	0.05749874	0.05640647	0.25060357	0.06006081	0.05846997	0.0571265	0.058501515	0.05680324	0.05908336	0.055766035	0.056343485	0.06214891	0.157728975	0.25812001	0.20009603	0.067100215	0.06352502	0.20846544	0.212820595	0.060462755	0.073248955	0.07726521	0.064709855	0.07269437	0.093131655	0.11147266	0.104770765	0.060999245	0.0371346	0.09239952	0.12240679	0.07471707	0.06125348	0.05469199	0.05927804	0.123038005	0.1782941	0.12600181	0.087747715	0.070490685	0.07344898	0.06873197	0.0843048	0.07496632	0.07658311	0.208748045	0.09083004	0.087929395	0.0814902	0.072551385	0.12173748	0.13681561	0.139577385	0.113144265
1156	0.046514565	0.05350913	0.049016445	0.042790035	0.072936765	0.07395079	0.06943767	0.04551945	0.04437696	0.03008239	0.121142235	0.211998095	0.055459435	0.071448205	0.06365008	0.08812308	0.045872735	0.03740424	0.04843909	0.026362635	0.01259948	0.03530389	0.0	0.074074165	0.03730916	0.014915575	0.11131417	0.161370815	0.22805055	0.05307914	0.035254735	0.054246885	0.02594657	0.029258825	0.055021795	0.02811597	0.02714342	0.20243926	0.252797395	0.22909352	0.274507045	0.298753415	0.047455595	0.051162885	0.02629122	0.02650064	0.02554034	0.23072462	0.02912029	0.02735739	0.02591326	0.027656175	0.02594166	0.02831257	0.025344445	0.025254465	0.03106646	0.145992215	0.23814796	0.1838574	0.039300695	0.0324787	0.19176345	0.195348095	0.033225175	0.042427795	0.04610362	0.034372355	0.04313798	0.063162975	0.08530105	0.073786235	0.031285535	0.02739742	0.06327126	0.09502562	0.04436318	0.03017633	0.02791438	0.05331148	0.097545635	0.15628887	0.10189975	0.057346505	0.043842075	0.04264504	0.03836733	0.05368073	0.04465188	0.04780219	0.189191305	0.0622975	0.057067375	0.05189737	0.040860395	0.09324793	0.10738153	0.111055535	0.083804135
1151	0.1099256	0.023908445	0.09815871	0.10377595	0.00927975	0.011575245	0.008065245	0.034879125	0.034557065	0.051777475	0.07522774	0.16244477	0.02421623	0.00675435	0.013736415	0.018153105	0.03325697	0.039248625	0.027690755	0.08345598	0.079042295	0.100823765	0.074074165	0.0	0.043679225	0.08393979	0.045882215	0.11399837	0.188264785	0.113382695	0.10129229	0.11410852	0.060299775	0.05767171	0.11658246	0.058184465	0.061720145	0.155694515	0.2060066	0.188381615	0.22625078	0.24596891	0.08734048	0.11115696	0.057117815	0.058505665	0.058937825	0.189304865	0.057852165	0.057740155	0.059495875	0.06012635	0.058880395	0.056972585	0.06139821	0.05540979	0.055860625	0.10640344	0.190893465	0.139315905	0.03807293	0.045300565	0.150819905	0.15505401	0.04369949	0.035558	0.030610645	0.04376755	0.034667825	0.01560446	0.019021005	0.0101769	0.05109746	0.075741315	0.016458085	0.040095925	0.034567845	0.052136335	0.057969715	0.051144805	0.05093533	0.115150875	0.053806185	0.02103396	0.03693411	0.036385365	0.039161335	0.024763805	0.035385585	0.029063845	0.14862609	0.016849285	0.02534622	0.026062755	0.04213054	0.031266575	0.045214105	0.04807315	0.01967708
1150	0.068940965	0.02375435	0.061574525	0.062821975	0.047100745	0.04810049	0.04388685	0.01546087	0.01760499	0.0159294	0.108249005	0.196621145	0.029165145	0.043571535	0.03790231	0.05884601	0.012876355	0.01164872	0.02201752	0.047605245	0.0418154	0.06390326	0.03730916	0.043679225	0.0	0.046767435	0.08568755	0.151166465	0.22623448	0.07469904	0.063824255	0.075412745	0.02317175	0.020500655	0.078110425	0.021556	0.02447739	0.19213021	0.243103935	0.22205801	0.264046015	0.281774275	0.052630365	0.070884885	0.02084659	0.02163844	0.02203952	0.22508787	0.02112304	0.02099049	0.02285665	0.023124755	0.02187744	0.02048485	0.024232205	0.018574945	0.02041571	0.141309505	0.22689039	0.17595639	0.011266525	0.01120336	0.18559162	0.190653755	0.007843875	0.016598195	0.02049989	0.009281515	0.01623632	0.037445475	0.05631539	0.049464185	0.031228115	0.03992805	0.03521712	0.07803926	0.01882063	0.01582232	0.02991494	0.05620551	0.083816075	0.14754641	0.08787705	0.032686585	0.014379015	0.01660711	0.01266376	0.02721006	0.01896987	0.02001754	0.182380615	0.03447495	0.031079915	0.02456893	0.015604965	0.06936086	0.08481778	0.086832585	0.058586365
1153	0.04028927	0.063103895	0.04681908	0.03696826	0.08196108	0.083283355	0.078934265	0.055070125	0.053772015	0.038039505	0.13133288	0.22162339	0.06419	0.08084295	0.073019925	0.097823155	0.05552969	0.046856385	0.057695025	0.02332707	0.012715875	0.030343655	0.014915575	0.08393979	0.046767435	0.0	0.121027475	0.16998698	0.233749605	0.052266035	0.02932338	0.05102518	0.033213235	0.03696268	0.05027447	0.035612925	0.034077385	0.210941505	0.26388892	0.240177345	0.28427199	0.30719832	0.04298907	0.04598416	0.034514425	0.034504925	0.033062495	0.238746325	0.037073445	0.034976335	0.033280555	0.0352413	0.033411275	0.036095275	0.03140475	0.0338436	0.039171785	0.15326	0.247364455	0.190296635	0.04855323	0.041936805	0.196790045	0.20250967	0.04264451	0.05169419	0.055721825	0.04334189	0.052429775	0.07274948	0.094392645	0.08225274	0.03785433	0.023143585	0.072945655	0.105254575	0.053115405	0.038195595	0.031167395	0.050197585	0.10785825	0.165139355	0.112258775	0.06647145	0.05304262	0.051182865	0.047729425	0.063304245	0.053063965	0.057308605	0.19934367	0.071912995	0.0656064	0.061200815	0.04887274	0.102983305	0.116578985	0.12053984	0.09324281
1152	0.149882015	0.06594644	0.136268335	0.143993415	0.043076645	0.04550392	0.04591246	0.07787637	0.0727141	0.09121205	0.038811795	0.123822575	0.063743535	0.045857655	0.05157512	0.030079	0.075557755	0.07774825	0.06745139	0.120478645	0.11617217	0.1401487	0.11131417	0.045882215	0.08568755	0.121027475	0.0	0.071024165	0.14868091	0.15421008	0.138533005	0.155521535	0.09899417	0.096342185	0.157213355	0.09671532	0.10044893	0.11823721	0.170041195	0.1524049	0.191063075	0.208203945	0.125630735	0.151328135	0.09664975	0.09731483	0.09793421	0.15186128	0.09639488	0.09653321	0.09852222	0.098621325	0.09767607	0.09573804	0.100258345	0.094489265	0.09427583	0.110877705	0.15474123	0.1027798	0.079212105	0.08496349	0.11244328	0.115845765	0.083537965	0.075080295	0.06886929	0.083615105	0.07260377	0.053053535	0.03235158	0.045457285	0.088153485	0.112841	0.05313146	0.02777212	0.07247938	0.09201596	0.09479281	0.08937857	0.042875035	0.08056247	0.04323336	0.059558325	0.078043445	0.07518808	0.07786264	0.06366302	0.07475869	0.06820331	0.114777815	0.05636075	0.063809445	0.06516262	0.080816695	0.02177457	0.00897652	0.007909705	0.030527415
449	0.19036215	0.131693515	0.14974875	0.19205395	0.10933981	0.111952635	0.112209875	0.143144145	0.138429315	0.155557285	0.05525654	0.08398694	0.12801745	0.11364806	0.116892625	0.099041555	0.14162243	0.143683685	0.131547845	0.17035159	0.166350125	0.189604895	0.161370815	0.11399837	0.151166465	0.16998698	0.071024165	0.0	0.096232135	0.205104215	0.1873365	0.2062711	0.163919855	0.16113283	0.20809491	0.161454335	0.165320575	0.095828945	0.14824694	0.130208215	0.1711577	0.15516759	0.17525795	0.19305997	0.161548395	0.162101515	0.162910685	0.089322965	0.161176465	0.161349655	0.163327435	0.16364793	0.162667735	0.160600755	0.16504152	0.15939977	0.159022935	0.15916155	0.128798505	0.088390725	0.14586425	0.150760065	0.075884775	0.07335729	0.14937836	0.14040309	0.134307945	0.14917501	0.139137845	0.11928476	0.099004215	0.11111169	0.1372573	0.160943105	0.120115765	0.084579315	0.137567745	0.156462405	0.144820975	0.138907015	0.08310264	0.067092075	0.093882845	0.12457565	0.14502422	0.140075555	0.143312215	0.129874165	0.139177385	0.134904215	0.05332843	0.123102985	0.12970215	0.131591785	0.1462452	0.085611735	0.072363265	0.07020099	0.0968529
448	0.250356325	0.20604254	0.219954715	0.251745975	0.184676135	0.18884811	0.18781246	0.2173064	0.21438882	0.23104322	0.128493595	0.051695085	0.203982335	0.188013955	0.19260674	0.17418688	0.216960225	0.21858385	0.20700339	0.234335795	0.23004463	0.25010256	0.22805055	0.188264785	0.22623448	0.233749605	0.14868091	0.096232135	0.0	0.26432748	0.246686925	0.265170225	0.23961469	0.236949635	0.266725235	0.23750529	0.24082991	0.13267779	0.066616115	0.04581207	0.089534865	0.080210155	0.235425375	0.252963365	0.2368689	0.23808009	0.23886231	0.06210044	0.23658382	0.23707197	0.23909365	0.239142605	0.23780723	0.23642451	0.240894705	0.235636475	0.23527047	0.221375735	0.06233829	0.15254282	0.219933505	0.22652861	0.05846294	0.063728655	0.224408195	0.216250825	0.21075924	0.224235065	0.21427327	0.195130865	0.17426282	0.186025225	0.203652065	0.22473388	0.19538446	0.15933061	0.21326692	0.23164997	0.2090489	0.19958413	0.156315955	0.14425435	0.16573549	0.199834145	0.218991495	0.21601445	0.21870389	0.20521088	0.21475683	0.20954948	0.089287995	0.19766307	0.204853465	0.20664648	0.221341555	0.16243429	0.14670723	0.149901445	0.171947265
832	0.049773035	0.09227438	0.074125735	0.051440425	0.117139215	0.11820346	0.11347558	0.08177794	0.08969504	0.07697295	0.155978705	0.243222865	0.102036355	0.114588845	0.1087696	0.12821907	0.083736115	0.08172298	0.09137008	0.058704625	0.05426417	0.0475166	0.05307914	0.113382695	0.07469904	0.052266035	0.15421008	0.205104215	0.26432748	0.0	0.041605625	0.020108435	0.07310824	0.076071965	0.024203245	0.07490461	0.07403621	0.19754437	0.288461015	0.25980029	0.312485465	0.333240035	0.066570795	0.057306655	0.07274595	0.07335963	0.07233578	0.26225508	0.07554786	0.07448614	0.07308052	0.074576235	0.07278037	0.07512556	0.071776485	0.071943445	0.07755513	0.131583855	0.23860654	0.17660024	0.080052925	0.07768456	0.21458664	0.213520565	0.076135975	0.086051285	0.09233466	0.077611055	0.08713479	0.106764145	0.12697305	0.117944115	0.077273265	0.05892256	0.10653358	0.13684601	0.09022265	0.07689137	0.07082195	0.08007715	0.133168035	0.18831535	0.13016866	0.100701265	0.082787695	0.08898365	0.08368274	0.09844149	0.09107077	0.09139027	0.215790205	0.10616546	0.102312555	0.09547104	0.087483825	0.13672413	0.15033811	0.155010435	0.127938475
833	0.03118322	0.080319365	0.04627454	0.03162724	0.10043359	0.102516005	0.097521635	0.071650015	0.071898435	0.058483855	0.14634898	0.23459095	0.08439204	0.09852373	0.091103915	0.115290715	0.07208678	0.064694415	0.075292175	0.04324216	0.032512905	0.029854945	0.035254735	0.10129229	0.063824255	0.02932338	0.138533005	0.1873365	0.246686925	0.041605625	0.0	0.03644856	0.053192565	0.0568118	0.04248447	0.056117805	0.053778235	0.220513685	0.27508975	0.251028815	0.29726173	0.3203811	0.03756762	0.04149925	0.054480875	0.054872065	0.053355685	0.249650025	0.056940675	0.055683375	0.053602425	0.05549113	0.052916545	0.056237875	0.05099255	0.05401236	0.059288725	0.15815391	0.257651435	0.199698315	0.06638414	0.061438885	0.208063505	0.21288295	0.06030257	0.07136462	0.075169675	0.06169865	0.070460625	0.09127217	0.111999645	0.10232201	0.05853227	0.033233545	0.090787645	0.122059435	0.071948375	0.058375625	0.052128085	0.053522465	0.12291672	0.178052245	0.126621335	0.08561648	0.07012806	0.070835055	0.066034235	0.082212305	0.073098835	0.074962425	0.21034853	0.089817525	0.08589448	0.079317495	0.06967083	0.120571155	0.134568545	0.13808829	0.11118187
831	0.04506234	0.093279765	0.06901694	0.04751463	0.11817819	0.119464965	0.114884725	0.080995875	0.091048285	0.077913395	0.15716842	0.24428179	0.10311814	0.11581848	0.110090855	0.129474955	0.08426416	0.082500545	0.092555205	0.06329313	0.054233465	0.048496095	0.054246885	0.11410852	0.075412745	0.05102518	0.155521535	0.2062711	0.265170225	0.020108435	0.03644856	0.0	0.073184385	0.07681549	0.01792283	0.075867205	0.073977705	0.193869095	0.28958691	0.261291665	0.31303075	0.33394454	0.0617881	0.05513241	0.073291415	0.074421915	0.072760415	0.263144255	0.076599765	0.075142635	0.073395655	0.07534194	0.073106225	0.076025915	0.07184622	0.07296031	0.078693615	0.13182055	0.235871395	0.172609245	0.08059783	0.078524395	0.215691375	0.21385971	0.07749547	0.08710743	0.093436535	0.07806047	0.088604565	0.10812758	0.128403475	0.11900678	0.07834447	0.054505905	0.107986195	0.137195505	0.091269125	0.077537855	0.071137215	0.075648725	0.13451507	0.189863285	0.131021735	0.10170755	0.08225418	0.089964815	0.084380245	0.099660255	0.092093965	0.092245655	0.21704986	0.107397875	0.10361997	0.096461085	0.08839333	0.137389845	0.151265475	0.15605353	0.12943889
836	0.065220435	0.04161657	0.066511775	0.061372555	0.058015445	0.05826659	0.05501487	0.03437378	0.02769648	0.00978467	0.128738535	0.217101505	0.037278685	0.056649385	0.04962279	0.07401245	0.032560135	0.02459119	0.03666269	0.044382825	0.02503322	0.05701746	0.02594657	0.060299775	0.02317175	0.033213235	0.09899417	0.163919855	0.23961469	0.07310824	0.053192565	0.073184385	0.0	0.004604655	0.076448615	0.0039174	0.00224224	0.21407365	0.261065035	0.24262597	0.280486585	0.300372095	0.065272505	0.070331385	0.00379483	0.00317609	0.00238233	0.24332039	0.00490991	0.003601	0.00206574	0.003039295	0.0034323	0.00418039	0.002893265	0.005728515	0.00789108	0.162321925	0.24808411	0.19742933	0.025824905	0.01678949	0.20704511	0.211964545	0.019706205	0.028195005	0.03136279	0.019149215	0.02769825	0.050017085	0.07159068	0.057862925	0.039177175	0.04007956	0.04847412	0.09465194	0.02823507	0.00985064	0.03678592	0.06930939	0.103452535	0.16678225	0.1092764	0.044113135	0.029508755	0.02511763	0.02429964	0.03766965	0.02625535	0.03283662	0.203008025	0.04573441	0.039418105	0.036115	0.021264905	0.08420005	0.09745657	0.101162135	0.070797975
837	0.06891281	0.039146765	0.0642258	0.06264148	0.05516876	0.055599365	0.052330095	0.031914445	0.025138095	0.007473905	0.12618771	0.21475784	0.03475738	0.05390046	0.046779075	0.071387105	0.0299126	0.022536155	0.034055615	0.046391	0.027854825	0.060032955	0.029258825	0.05767171	0.020500655	0.03696268	0.096342185	0.16113283	0.236949635	0.076071965	0.0568118	0.07681549	0.004604655	0.0	0.07944205	0.003525995	0.004623655	0.211154315	0.25881158	0.239710835	0.27767612	0.29763297	0.06295698	0.07019999	0.005159715	0.004335125	0.005767505	0.240420795	0.002486085	0.003521655	0.005790895	0.00404943	0.005025125	0.002549575	0.00680814	0.00553017	0.003948595	0.16012279	0.245647415	0.195085735	0.0236664	0.014010285	0.204395285	0.20956327	0.01742745	0.02537089	0.028840495	0.01663869	0.024895165	0.04721071	0.069062265	0.0551154	0.03697717	0.037895235	0.045671425	0.091854595	0.025295195	0.007557115	0.034179075	0.066768215	0.10082004	0.164052485	0.106638615	0.04146166	0.02724913	0.022499285	0.021721495	0.035212875	0.023796415	0.030351925	0.20070115	0.043383515	0.03689078	0.033371235	0.01829228	0.081496345	0.094825095	0.09836757	0.06816839
