	151	150	153	152	155	157	156	158	178	177	176	175	173	172	171	170	146	147	148	168	165	166	167	160	161	162	163
151	0.0	0.486280724237	0.52261525621	0.510897631984	0.53767378139	0.593394476842	0.772326598775	0.590197462306	0.653240526566	0.5563874037	0.539328271711	0.535167810051	0.714569086538	0.555465268089	0.539992145109	0.559088842204	0.854478735164	0.843527595118	0.854813982157	0.543357479561	0.518044145092	0.579949317983	0.492996317675	0.553110542929	0.554234494011	0.688738148951	0.527671931951
150	0.486280724237	0.0	0.519998190806	0.539471482878	0.561599963658	0.594868308902	0.787698940301	0.602730883321	0.709244056743	0.603885988807	0.583918210458	0.552366271103	0.722646893702	0.548164556776	0.581925575262	0.574623488867	0.860681443135	0.844481411116	0.852174653125	0.552138919969	0.549626073627	0.630635369836	0.573897858063	0.614139500477	0.585499781264	0.668508494352	0.521396398773
153	0.52261525621	0.519998190806	0.0	0.598440000326	0.608948586602	0.575710931077	0.762652927626	0.576542787894	0.670218133357	0.583325692513	0.57784280926	0.524467056629	0.7085992409	0.523988161809	0.582922143749	0.544338865886	0.850255198167	0.837298121417	0.837719432308	0.539929194261	0.565385981954	0.623607227189	0.551949095719	0.584792347215	0.572998574106	0.645787950892	0.485804519069
152	0.510897631984	0.539471482878	0.598440000326	0.0	0.583689826143	0.637248011067	0.800618990729	0.612118961602	0.655803328985	0.632736249633	0.605810970263	0.633594155122	0.684693038211	0.65628201704	0.629998187819	0.614906143244	0.884310393287	0.88032903882	0.890784617113	0.602088882838	0.633706637531	0.691394195555	0.582173637279	0.611517165769	0.595417903308	0.642477392703	0.568404888075
155	0.53767378139	0.561599963658	0.608948586602	0.583689826143	0.0	0.577435967989	0.834004828465	0.597937025388	0.626810540783	0.568244442142	0.556023049992	0.582148190878	0.651913699744	0.598294368475	0.538997487139	0.555398698292	0.889288800397	0.876680182909	0.883747684665	0.566528226427	0.60371027559	0.682884050109	0.615516511261	0.578056668259	0.551151517021	0.728949236102	0.576220266745
157	0.593394476842	0.594868308902	0.575710931077	0.637248011067	0.577435967989	0.0	0.802074132279	0.511965180423	0.592298803796	0.575534344494	0.537703975271	0.548026899244	0.617813503885	0.570408737839	0.533440141336	0.574677112721	0.902614102607	0.893205413769	0.892846409224	0.614540191778	0.618205932825	0.694993757337	0.598352538156	0.644973285708	0.608986959546	0.684778487135	0.633849201489
156	0.772326598775	0.787698940301	0.762652927626	0.800618990729	0.834004828465	0.802074132279	0.0	0.771371873347	0.82982022994	0.795720484731	0.770217471409	0.754280078961	0.835734427517	0.72056610075	0.779019202129	0.751327482246	0.819356826907	0.817395362201	0.817628100434	0.751267074178	0.764395338289	0.711277631154	0.751880296413	0.853767248687	0.772752347216	0.834733968692	0.779325286708
158	0.590197462306	0.602730883321	0.576542787894	0.612118961602	0.597937025388	0.511965180423	0.771371873347	0.0	0.625762113463	0.558059100776	0.52468141236	0.536936312526	0.600859284095	0.530138431098	0.509908966023	0.540469860832	0.861406994259	0.85473868508	0.856790521796	0.570587769175	0.611044961847	0.655807952461	0.618999575835	0.595231161629	0.516831439082	0.644403537795	0.552817784701
178	0.653240526566	0.709244056743	0.670218133357	0.655803328985	0.626810540783	0.592298803796	0.82982022994	0.625762113463	0.0	0.60350031122	0.55871184996	0.618104003228	0.617603790738	0.653987936325	0.638787991501	0.624935438167	0.910686952715	0.902623658781	0.909291151284	0.619014726645	0.712666846718	0.754095533462	0.642711675468	0.624099409356	0.644349827041	0.702682438285	0.674471091227
177	0.5563874037	0.603885988807	0.583325692513	0.632736249633	0.568244442142	0.575534344494	0.795720484731	0.558059100776	0.60350031122	0.0	0.499645618655	0.502855617373	0.656537089157	0.599615642891	0.521845546101	0.519105274493	0.877156444579	0.869076878633	0.872461937304	0.543974194984	0.607874173372	0.648133218973	0.548997499813	0.578365652636	0.590220485692	0.715903285414	0.593514054333
176	0.539328271711	0.583918210458	0.57784280926	0.605810970263	0.556023049992	0.537703975271	0.770217471409	0.52468141236	0.55871184996	0.499645618655	0.0	0.449723992759	0.634735422776	0.494018751817	0.51417029403	0.486334170334	0.86907475511	0.861707896011	0.866626152035	0.468738614914	0.56777163137	0.611523822322	0.520747200027	0.602253387489	0.624097888989	0.687565790433	0.597250558328
175	0.535167810051	0.552366271103	0.524467056629	0.633594155122	0.582148190878	0.548026899244	0.754280078961	0.536936312526	0.618104003228	0.502855617373	0.449723992759	0.0	0.678420549485	0.545977800118	0.51840401622	0.484960795442	0.866673556965	0.854414032893	0.854950381494	0.512025402139	0.540409450206	0.59725237698	0.52916408911	0.620697303861	0.583686829798	0.662112272166	0.544561129233
173	0.714569086538	0.722646893702	0.7085992409	0.684693038211	0.651913699744	0.617813503885	0.835734427517	0.600859284095	0.617603790738	0.656537089157	0.634735422776	0.678420549485	0.0	0.675586762708	0.583080099871	0.658143886086	0.926975750488	0.921942969056	0.919591249492	0.687266611397	0.724966656295	0.783361658524	0.694095038679	0.710922855344	0.632430066912	0.71118193389	0.708379478465
172	0.555465268089	0.548164556776	0.523988161809	0.65628201704	0.598294368475	0.570408737839	0.72056610075	0.530138431098	0.653987936325	0.599615642891	0.494018751817	0.545977800118	0.675586762708	0.0	0.570583950373	0.467379946323	0.825616682263	0.806386759083	0.81045776278	0.490595611285	0.538320319231	0.571452186952	0.553988126308	0.655979961127	0.568619384915	0.686537160133	0.558659197702
171	0.539992145109	0.581925575262	0.582922143749	0.629998187819	0.538997487139	0.533440141336	0.779019202129	0.509908966023	0.638787991501	0.521845546101	0.51417029403	0.51840401622	0.583080099871	0.570583950373	0.0	0.507554154701	0.871860340672	0.859132117035	0.864884974366	0.569394090143	0.621855481094	0.647406824292	0.563026446557	0.593151844701	0.575400911322	0.635913899308	0.598344567467
170	0.559088842204	0.574623488867	0.544338865886	0.614906143244	0.555398698292	0.574677112721	0.751327482246	0.540469860832	0.624935438167	0.519105274493	0.486334170334	0.484960795442	0.658143886086	0.467379946323	0.507554154701	0.0	0.833002446796	0.818539916595	0.827731517894	0.474607284547	0.533907941746	0.597977561217	0.512095965791	0.669599612901	0.572724403083	0.713866478588	0.582432865064
146	0.854478735164	0.860681443135	0.850255198167	0.884310393287	0.889288800397	0.902614102607	0.819356826907	0.861406994259	0.910686952715	0.877156444579	0.86907475511	0.866673556965	0.926975750488	0.825616682263	0.871860340672	0.833002446796	0.0	0.47920014899	0.443258546385	0.821570245481	0.821152224422	0.764846587092	0.82804940716	0.904739051755	0.882237744501	0.907945603901	0.855759751582
147	0.843527595118	0.844481411116	0.837298121417	0.88032903882	0.876680182909	0.893205413769	0.817395362201	0.85473868508	0.902623658781	0.869076878633	0.861707896011	0.854414032893	0.921942969056	0.806386759083	0.859132117035	0.818539916595	0.47920014899	0.0	0.481063837758	0.80912917193	0.811151297916	0.755352194047	0.816662905035	0.892183827842	0.87374830393	0.904758289457	0.840681537874
148	0.854813982157	0.852174653125	0.837719432308	0.890784617113	0.883747684665	0.892846409224	0.817628100434	0.856790521796	0.909291151284	0.872461937304	0.866626152035	0.854950381494	0.919591249492	0.81045776278	0.864884974366	0.827731517894	0.443258546385	0.481063837758	0.0	0.82448383065	0.821999599413	0.762442366903	0.827705009126	0.898138750054	0.874279369745	0.904759919265	0.845685774074
168	0.543357479561	0.552138919969	0.539929194261	0.602088882838	0.566528226427	0.614540191778	0.751267074178	0.570587769175	0.619014726645	0.543974194984	0.468738614914	0.512025402139	0.687266611397	0.490595611285	0.569394090143	0.474607284547	0.821570245481	0.80912917193	0.82448383065	0.0	0.512434463445	0.545970737559	0.513723256161	0.64621263556	0.61196082876	0.705357911126	0.542506837591
165	0.518044145092	0.549626073627	0.565385981954	0.633706637531	0.60371027559	0.618205932825	0.764395338289	0.611044961847	0.712666846718	0.607874173372	0.56777163137	0.540409450206	0.724966656295	0.538320319231	0.621855481094	0.533907941746	0.821152224422	0.811151297916	0.821999599413	0.512434463445	0.0	0.568198436022	0.534368914264	0.693758808064	0.630125149326	0.752589081826	0.594224477897
166	0.579949317983	0.630635369836	0.623607227189	0.691394195555	0.682884050109	0.694993757337	0.711277631154	0.655807952461	0.754095533462	0.648133218973	0.611523822322	0.59725237698	0.783361658524	0.571452186952	0.647406824292	0.597977561217	0.764846587092	0.755352194047	0.762442366903	0.545970737559	0.568198436022	0.0	0.58880703736	0.737963725729	0.670611637733	0.746309650366	0.628918258898
167	0.492996317675	0.573897858063	0.551949095719	0.582173637279	0.615516511261	0.598352538156	0.751880296413	0.618999575835	0.642711675468	0.548997499813	0.520747200027	0.52916408911	0.694095038679	0.553988126308	0.563026446557	0.512095965791	0.82804940716	0.816662905035	0.827705009126	0.513723256161	0.534368914264	0.58880703736	0.0	0.632385744944	0.653753039794	0.730316515572	0.577190978606
160	0.553110542929	0.614139500477	0.584792347215	0.611517165769	0.578056668259	0.644973285708	0.853767248687	0.595231161629	0.624099409356	0.578365652636	0.602253387489	0.620697303861	0.710922855344	0.655979961127	0.593151844701	0.669599612901	0.904739051755	0.892183827842	0.898138750054	0.64621263556	0.693758808064	0.737963725729	0.632385744944	0.0	0.595002938616	0.655009851772	0.516190460723
161	0.554234494011	0.585499781264	0.572998574106	0.595417903308	0.551151517021	0.608986959546	0.772752347216	0.516831439082	0.644349827041	0.590220485692	0.624097888989	0.583686829798	0.632430066912	0.568619384915	0.575400911322	0.572724403083	0.882237744501	0.87374830393	0.874279369745	0.61196082876	0.630125149326	0.670611637733	0.653753039794	0.595002938616	0.0	0.629202870735	0.555098983258
162	0.688738148951	0.668508494352	0.645787950892	0.642477392703	0.728949236102	0.684778487135	0.834733968692	0.644403537795	0.702682438285	0.715903285414	0.687565790433	0.662112272166	0.71118193389	0.686537160133	0.635913899308	0.713866478588	0.907945603901	0.904758289457	0.904759919265	0.705357911126	0.752589081826	0.746309650366	0.730316515572	0.655009851772	0.629202870735	0.0	0.62395652217
163	0.527671931951	0.521396398773	0.485804519069	0.568404888075	0.576220266745	0.633849201489	0.779325286708	0.552817784701	0.674471091227	0.593514054333	0.597250558328	0.544561129233	0.708379478465	0.558659197702	0.598344567467	0.582432865064	0.855759751582	0.840681537874	0.845685774074	0.542506837591	0.594224477897	0.628918258898	0.577190978606	0.516190460723	0.555098983258	0.62395652217	0.0